#Digilent WaveForms Logic Analyzer Acquisition
#Device Name: Discovery2
#Serial Number: SN:210321B2ECAE
#Date Time: 2022-09-23 14:03:26.437
#Sample rate: 4e+06Hz
#Samples: 4096

Time (s),UART
-0.0006355,X
-0.00063525,X
-0.000635,X
-0.00063475,X
-0.0006345,X
-0.00063425,X
-0.000634,X
-0.00063375,X
-0.0006335,X
-0.00063325,X
-0.000633,X
-0.00063275,X
-0.0006325,X
-0.00063225,X
-0.000632,X
-0.00063175,X
-0.0006315,X
-0.00063125,X
-0.000631,X
-0.00063075,X
-0.0006305,X
-0.00063025,X
-0.00063,X
-0.00062975,X
-0.0006295,X
-0.00062925,X
-0.000629,X
-0.00062875,X
-0.0006285,X
-0.00062825,X
-0.000628,X
-0.00062775,X
-0.0006275,X
-0.00062725,X
-0.000627,X
-0.00062675,X
-0.0006265,X
-0.00062625,X
-0.000626,X
-0.00062575,X
-0.0006255,X
-0.00062525,X
-0.000625,X
-0.00062475,X
-0.0006245,X
-0.00062425,X
-0.000624,X
-0.00062375,X
-0.0006235,X
-0.00062325,X
-0.000623,X
-0.00062275,X
-0.0006225,X
-0.00062225,X
-0.000622,X
-0.00062175,X
-0.0006215,X
-0.00062125,X
-0.000621,X
-0.00062075,X
-0.0006205,X
-0.00062025,X
-0.00062,X
-0.00061975,X
-0.0006195,X
-0.00061925,X
-0.000619,X
-0.00061875,X
-0.0006185,X
-0.00061825,X
-0.000618,X
-0.00061775,X
-0.0006175,X
-0.00061725,X
-0.000617,X
-0.00061675,X
-0.0006165,X
-0.00061625,X
-0.000616,X
-0.00061575,X
-0.0006155,X
-0.00061525,X
-0.000615,X
-0.00061475,X
-0.0006145,X
-0.00061425,X
-0.000614,X
-0.00061375,X
-0.0006135,X
-0.00061325,X
-0.000613,X
-0.00061275,X
-0.0006125,X
-0.00061225,X
-0.000612,X
-0.00061175,X
-0.0006115,X
-0.00061125,X
-0.000611,X
-0.00061075,X
-0.0006105,X
-0.00061025,X
-0.00061,X
-0.00060975,X
-0.0006095,X
-0.00060925,X
-0.000609,X
-0.00060875,X
-0.0006085,X
-0.00060825,X
-0.000608,X
-0.00060775,X
-0.0006075,X
-0.00060725,X
-0.000607,X
-0.00060675,X
-0.0006065,X
-0.00060625,X
-0.000606,X
-0.00060575,X
-0.0006055,X
-0.00060525,X
-0.000605,X
-0.00060475,X
-0.0006045,X
-0.00060425,X
-0.000604,X
-0.00060375,X
-0.0006035,X
-0.00060325,X
-0.000603,X
-0.00060275,X
-0.0006025,X
-0.00060225,X
-0.000602,X
-0.00060175,X
-0.0006015,X
-0.00060125,X
-0.000601,X
-0.00060075,X
-0.0006005,X
-0.00060025,X
-0.0006,X
-0.00059975,X
-0.0005995,X
-0.00059925,X
-0.000599,X
-0.00059875,X
-0.0005985,X
-0.00059825,X
-0.000598,X
-0.00059775,X
-0.0005975,X
-0.00059725,X
-0.000597,X
-0.00059675,X
-0.0005965,X
-0.00059625,X
-0.000596,X
-0.00059575,X
-0.0005955,X
-0.00059525,X
-0.000595,X
-0.00059475,X
-0.0005945,X
-0.00059425,X
-0.000594,X
-0.00059375,X
-0.0005935,X
-0.00059325,X
-0.000593,X
-0.00059275,X
-0.0005925,X
-0.00059225,X
-0.000592,X
-0.00059175,X
-0.0005915,X
-0.00059125,X
-0.000591,X
-0.00059075,X
-0.0005905,X
-0.00059025,X
-0.00059,X
-0.00058975,X
-0.0005895,X
-0.00058925,X
-0.000589,X
-0.00058875,X
-0.0005885,X
-0.00058825,X
-0.000588,X
-0.00058775,X
-0.0005875,X
-0.00058725,X
-0.000587,X
-0.00058675,X
-0.0005865,X
-0.00058625,X
-0.000586,X
-0.00058575,X
-0.0005855,X
-0.00058525,X
-0.000585,X
-0.00058475,X
-0.0005845,X
-0.00058425,X
-0.000584,X
-0.00058375,X
-0.0005835,X
-0.00058325,X
-0.000583,X
-0.00058275,X
-0.0005825,X
-0.00058225,X
-0.000582,X
-0.00058175,X
-0.0005815,X
-0.00058125,X
-0.000581,X
-0.00058075,X
-0.0005805,X
-0.00058025,X
-0.00058,X
-0.00057975,X
-0.0005795,X
-0.00057925,X
-0.000579,X
-0.00057875,X
-0.0005785,X
-0.00057825,X
-0.000578,X
-0.00057775,X
-0.0005775,X
-0.00057725,X
-0.000577,X
-0.00057675,X
-0.0005765,X
-0.00057625,X
-0.000576,X
-0.00057575,X
-0.0005755,X
-0.00057525,X
-0.000575,X
-0.00057475,X
-0.0005745,X
-0.00057425,X
-0.000574,X
-0.00057375,X
-0.0005735,X
-0.00057325,X
-0.000573,X
-0.00057275,X
-0.0005725,X
-0.00057225,X
-0.000572,X
-0.00057175,X
-0.0005715,X
-0.00057125,X
-0.000571,X
-0.00057075,X
-0.0005705,X
-0.00057025,X
-0.00057,X
-0.00056975,X
-0.0005695,X
-0.00056925,X
-0.000569,X
-0.00056875,X
-0.0005685,X
-0.00056825,X
-0.000568,X
-0.00056775,X
-0.0005675,X
-0.00056725,X
-0.000567,X
-0.00056675,X
-0.0005665,X
-0.00056625,X
-0.000566,X
-0.00056575,X
-0.0005655,X
-0.00056525,X
-0.000565,X
-0.00056475,X
-0.0005645,X
-0.00056425,X
-0.000564,X
-0.00056375,X
-0.0005635,X
-0.00056325,X
-0.000563,X
-0.00056275,X
-0.0005625,X
-0.00056225,X
-0.000562,X
-0.00056175,X
-0.0005615,X
-0.00056125,X
-0.000561,X
-0.00056075,X
-0.0005605,X
-0.00056025,X
-0.00056,X
-0.00055975,X
-0.0005595,X
-0.00055925,X
-0.000559,X
-0.00055875,X
-0.0005585,X
-0.00055825,X
-0.000558,X
-0.00055775,X
-0.0005575,X
-0.00055725,X
-0.000557,X
-0.00055675,X
-0.0005565,X
-0.00055625,X
-0.000556,X
-0.00055575,X
-0.0005555,X
-0.00055525,X
-0.000555,X
-0.00055475,X
-0.0005545,X
-0.00055425,X
-0.000554,X
-0.00055375,X
-0.0005535,X
-0.00055325,X
-0.000553,X
-0.00055275,X
-0.0005525,X
-0.00055225,X
-0.000552,X
-0.00055175,X
-0.0005515,X
-0.00055125,X
-0.000551,X
-0.00055075,X
-0.0005505,X
-0.00055025,X
-0.00055,X
-0.00054975,X
-0.0005495,X
-0.00054925,X
-0.000549,X
-0.00054875,X
-0.0005485,X
-0.00054825,X
-0.000548,X
-0.00054775,X
-0.0005475,X
-0.00054725,X
-0.000547,X
-0.00054675,X
-0.0005465,X
-0.00054625,X
-0.000546,X
-0.00054575,X
-0.0005455,X
-0.00054525,X
-0.000545,X
-0.00054475,X
-0.0005445,X
-0.00054425,X
-0.000544,X
-0.00054375,X
-0.0005435,X
-0.00054325,X
-0.000543,X
-0.00054275,X
-0.0005425,X
-0.00054225,X
-0.000542,X
-0.00054175,X
-0.0005415,X
-0.00054125,X
-0.000541,X
-0.00054075,X
-0.0005405,X
-0.00054025,X
-0.00054,X
-0.00053975,X
-0.0005395,X
-0.00053925,X
-0.000539,X
-0.00053875,X
-0.0005385,X
-0.00053825,X
-0.000538,X
-0.00053775,X
-0.0005375,X
-0.00053725,X
-0.000537,X
-0.00053675,X
-0.0005365,X
-0.00053625,X
-0.000536,X
-0.00053575,X
-0.0005355,X
-0.00053525,X
-0.000535,X
-0.00053475,X
-0.0005345,X
-0.00053425,X
-0.000534,X
-0.00053375,X
-0.0005335,X
-0.00053325,X
-0.000533,X
-0.00053275,X
-0.0005325,X
-0.00053225,X
-0.000532,X
-0.00053175,X
-0.0005315,X
-0.00053125,X
-0.000531,X
-0.00053075,X
-0.0005305,X
-0.00053025,X
-0.00053,X
-0.00052975,X
-0.0005295,X
-0.00052925,X
-0.000529,X
-0.00052875,X
-0.0005285,X
-0.00052825,X
-0.000528,X
-0.00052775,X
-0.0005275,X
-0.00052725,X
-0.000527,X
-0.00052675,X
-0.0005265,X
-0.00052625,X
-0.000526,X
-0.00052575,X
-0.0005255,X
-0.00052525,X
-0.000525,X
-0.00052475,X
-0.0005245,X
-0.00052425,X
-0.000524,X
-0.00052375,X
-0.0005235,X
-0.00052325,X
-0.000523,X
-0.00052275,X
-0.0005225,X
-0.00052225,X
-0.000522,X
-0.00052175,X
-0.0005215,X
-0.00052125,X
-0.000521,X
-0.00052075,X
-0.0005205,X
-0.00052025,X
-0.00052,X
-0.00051975,X
-0.0005195,X
-0.00051925,X
-0.000519,X
-0.00051875,X
-0.0005185,X
-0.00051825,X
-0.000518,X
-0.00051775,X
-0.0005175,X
-0.00051725,X
-0.000517,X
-0.00051675,X
-0.0005165,X
-0.00051625,X
-0.000516,X
-0.00051575,X
-0.0005155,X
-0.00051525,X
-0.000515,X
-0.00051475,X
-0.0005145,X
-0.00051425,X
-0.000514,X
-0.00051375,X
-0.0005135,X
-0.00051325,X
-0.000513,X
-0.00051275,X
-0.0005125,X
-0.00051225,X
-0.000512,X
-0.00051175,X
-0.0005115,X
-0.00051125,X
-0.000511,X
-0.00051075,X
-0.0005105,X
-0.00051025,X
-0.00051,X
-0.00050975,X
-0.0005095,X
-0.00050925,X
-0.000509,X
-0.00050875,X
-0.0005085,X
-0.00050825,X
-0.000508,X
-0.00050775,X
-0.0005075,X
-0.00050725,X
-0.000507,X
-0.00050675,X
-0.0005065,X
-0.00050625,X
-0.000506,X
-0.00050575,X
-0.0005055,X
-0.00050525,X
-0.000505,X
-0.00050475,X
-0.0005045,X
-0.00050425,X
-0.000504,X
-0.00050375,X
-0.0005035,X
-0.00050325,X
-0.000503,X
-0.00050275,X
-0.0005025,X
-0.00050225,X
-0.000502,X
-0.00050175,X
-0.0005015,X
-0.00050125,X
-0.000501,X
-0.00050075,X
-0.0005005,X
-0.00050025,X
-0.0005,X
-0.00049975,X
-0.0004995,X
-0.00049925,X
-0.000499,X
-0.00049875,X
-0.0004985,X
-0.00049825,X
-0.000498,X
-0.00049775,X
-0.0004975,X
-0.00049725,X
-0.000497,X
-0.00049675,X
-0.0004965,X
-0.00049625,X
-0.000496,X
-0.00049575,X
-0.0004955,b11001000
-0.00049525,b11001000
-0.000495,b11001000
-0.00049475,b11001000
-0.0004945,b11001000
-0.00049425,b11001000
-0.000494,b11001000
-0.00049375,b11001000
-0.0004935,b11001000
-0.00049325,b11001000
-0.000493,b11001000
-0.00049275,b11001000
-0.0004925,b11001000
-0.00049225,b11001000
-0.000492,b11001000
-0.00049175,b11001000
-0.0004915,b11001000
-0.00049125,b11001000
-0.000491,b11001000
-0.00049075,b11001000
-0.0004905,b11001000
-0.00049025,b11001000
-0.00049,b11001000
-0.00048975,b11001000
-0.0004895,b11001000
-0.00048925,b11001000
-0.000489,b11001000
-0.00048875,b11001000
-0.0004885,b11001000
-0.00048825,b11001000
-0.000488,b11001000
-0.00048775,b11001000
-0.0004875,b11001000
-0.00048725,b11001000
-0.000487,b11001000
-0.00048675,b11001000
-0.0004865,b11001000
-0.00048625,b11001000
-0.000486,b11001000
-0.00048575,b11001000
-0.0004855,b11001000
-0.00048525,b11001000
-0.000485,b11001000
-0.00048475,b11001000
-0.0004845,b11001000
-0.00048425,b11001000
-0.000484,b11001000
-0.00048375,b11001000
-0.0004835,b11001000
-0.00048325,b11001000
-0.000483,b11001000
-0.00048275,b11001000
-0.0004825,b11001000
-0.00048225,b11001000
-0.000482,b11001000
-0.00048175,b11001000
-0.0004815,b11001000
-0.00048125,b11001000
-0.000481,b11001000
-0.00048075,b11001000
-0.0004805,b11001000
-0.00048025,b11001000
-0.00048,b11001000
-0.00047975,b11001000
-0.0004795,b11001000
-0.00047925,b11001000
-0.000479,b11001000
-0.00047875,b11001000
-0.0004785,b11001000
-0.00047825,b11001000
-0.000478,b11001000
-0.00047775,b11001000
-0.0004775,b11001000
-0.00047725,b11001000
-0.000477,b11001000
-0.00047675,b11001000
-0.0004765,b11001000
-0.00047625,b11001000
-0.000476,b11001000
-0.00047575,b11001000
-0.0004755,b11001000
-0.00047525,b11001000
-0.000475,b11001000
-0.00047475,b11001000
-0.0004745,b11001000
-0.00047425,b11001000
-0.000474,b11001000
-0.00047375,b11001000
-0.0004735,b11001000
-0.00047325,b11001000
-0.000473,b11001000
-0.00047275,b11001000
-0.0004725,X
-0.00047225,X
-0.000472,X
-0.00047175,b00011000
-0.0004715,b00011000
-0.00047125,b00011000
-0.000471,b00011000
-0.00047075,b00011000
-0.0004705,b00011000
-0.00047025,b00011000
-0.00047,b00011000
-0.00046975,b00011000
-0.0004695,b00011000
-0.00046925,b00011000
-0.000469,b00011000
-0.00046875,b00011000
-0.0004685,b00011000
-0.00046825,b00011000
-0.000468,b00011000
-0.00046775,b00011000
-0.0004675,b00011000
-0.00046725,b00011000
-0.000467,b00011000
-0.00046675,b00011000
-0.0004665,b00011000
-0.00046625,b00011000
-0.000466,b00011000
-0.00046575,b00011000
-0.0004655,b00011000
-0.00046525,b00011000
-0.000465,b00011000
-0.00046475,b00011000
-0.0004645,b00011000
-0.00046425,b00011000
-0.000464,b00011000
-0.00046375,b00011000
-0.0004635,b00011000
-0.00046325,b00011000
-0.000463,b00011000
-0.00046275,b00011000
-0.0004625,b00011000
-0.00046225,b00011000
-0.000462,b00011000
-0.00046175,b00011000
-0.0004615,b00011000
-0.00046125,b00011000
-0.000461,b00011000
-0.00046075,b00011000
-0.0004605,b00011000
-0.00046025,b00011000
-0.00046,b00011000
-0.00045975,b00011000
-0.0004595,b00011000
-0.00045925,b00011000
-0.000459,b00011000
-0.00045875,b00011000
-0.0004585,b00011000
-0.00045825,b00011000
-0.000458,b00011000
-0.00045775,b00011000
-0.0004575,b00011000
-0.00045725,b00011000
-0.000457,b00011000
-0.00045675,b00011000
-0.0004565,b00011000
-0.00045625,b00011000
-0.000456,b00011000
-0.00045575,b00011000
-0.0004555,b00011000
-0.00045525,b00011000
-0.000455,b00011000
-0.00045475,b00011000
-0.0004545,b00011000
-0.00045425,b00011000
-0.000454,b00011000
-0.00045375,b00011000
-0.0004535,b00011000
-0.00045325,b00011000
-0.000453,b00011000
-0.00045275,b00011000
-0.0004525,b00011000
-0.00045225,b00011000
-0.000452,b00011000
-0.00045175,b00011000
-0.0004515,b00011000
-0.00045125,b00011000
-0.000451,b00011000
-0.00045075,b00011000
-0.0004505,b00011000
-0.00045025,b00011000
-0.00045,b00011000
-0.00044975,b00011000
-0.0004495,b00011000
-0.00044925,b00011000
-0.000449,b00011000
-0.00044875,X
-0.0004485,X
-0.00044825,X
-0.000448,b00010110
-0.00044775,b00010110
-0.0004475,b00010110
-0.00044725,b00010110
-0.000447,b00010110
-0.00044675,b00010110
-0.0004465,b00010110
-0.00044625,b00010110
-0.000446,b00010110
-0.00044575,b00010110
-0.0004455,b00010110
-0.00044525,b00010110
-0.000445,b00010110
-0.00044475,b00010110
-0.0004445,b00010110
-0.00044425,b00010110
-0.000444,b00010110
-0.00044375,b00010110
-0.0004435,b00010110
-0.00044325,b00010110
-0.000443,b00010110
-0.00044275,b00010110
-0.0004425,b00010110
-0.00044225,b00010110
-0.000442,b00010110
-0.00044175,b00010110
-0.0004415,b00010110
-0.00044125,b00010110
-0.000441,b00010110
-0.00044075,b00010110
-0.0004405,b00010110
-0.00044025,b00010110
-0.00044,b00010110
-0.00043975,b00010110
-0.0004395,b00010110
-0.00043925,b00010110
-0.000439,b00010110
-0.00043875,b00010110
-0.0004385,b00010110
-0.00043825,b00010110
-0.000438,b00010110
-0.00043775,b00010110
-0.0004375,b00010110
-0.00043725,b00010110
-0.000437,b00010110
-0.00043675,b00010110
-0.0004365,b00010110
-0.00043625,b00010110
-0.000436,b00010110
-0.00043575,b00010110
-0.0004355,b00010110
-0.00043525,b00010110
-0.000435,b00010110
-0.00043475,b00010110
-0.0004345,b00010110
-0.00043425,b00010110
-0.000434,b00010110
-0.00043375,b00010110
-0.0004335,b00010110
-0.00043325,b00010110
-0.000433,b00010110
-0.00043275,b00010110
-0.0004325,b00010110
-0.00043225,b00010110
-0.000432,b00010110
-0.00043175,b00010110
-0.0004315,b00010110
-0.00043125,b00010110
-0.000431,b00010110
-0.00043075,b00010110
-0.0004305,b00010110
-0.00043025,b00010110
-0.00043,b00010110
-0.00042975,b00010110
-0.0004295,b00010110
-0.00042925,b00010110
-0.000429,b00010110
-0.00042875,b00010110
-0.0004285,b00010110
-0.00042825,b00010110
-0.000428,b00010110
-0.00042775,b00010110
-0.0004275,b00010110
-0.00042725,b00010110
-0.000427,b00010110
-0.00042675,b00010110
-0.0004265,b00010110
-0.00042625,b00010110
-0.000426,b00010110
-0.00042575,b00010110
-0.0004255,b00010110
-0.00042525,b00010110
-0.000425,X
-0.00042475,X
-0.0004245,X
-0.00042425,b11100000
-0.000424,b11100000
-0.00042375,b11100000
-0.0004235,b11100000
-0.00042325,b11100000
-0.000423,b11100000
-0.00042275,b11100000
-0.0004225,b11100000
-0.00042225,b11100000
-0.000422,b11100000
-0.00042175,b11100000
-0.0004215,b11100000
-0.00042125,b11100000
-0.000421,b11100000
-0.00042075,b11100000
-0.0004205,b11100000
-0.00042025,b11100000
-0.00042,b11100000
-0.00041975,b11100000
-0.0004195,b11100000
-0.00041925,b11100000
-0.000419,b11100000
-0.00041875,b11100000
-0.0004185,b11100000
-0.00041825,b11100000
-0.000418,b11100000
-0.00041775,b11100000
-0.0004175,b11100000
-0.00041725,b11100000
-0.000417,b11100000
-0.00041675,b11100000
-0.0004165,b11100000
-0.00041625,b11100000
-0.000416,b11100000
-0.00041575,b11100000
-0.0004155,b11100000
-0.00041525,b11100000
-0.000415,b11100000
-0.00041475,b11100000
-0.0004145,b11100000
-0.00041425,b11100000
-0.000414,b11100000
-0.00041375,b11100000
-0.0004135,b11100000
-0.00041325,b11100000
-0.000413,b11100000
-0.00041275,b11100000
-0.0004125,b11100000
-0.00041225,b11100000
-0.000412,b11100000
-0.00041175,b11100000
-0.0004115,b11100000
-0.00041125,b11100000
-0.000411,b11100000
-0.00041075,b11100000
-0.0004105,b11100000
-0.00041025,b11100000
-0.00041,b11100000
-0.00040975,b11100000
-0.0004095,b11100000
-0.00040925,b11100000
-0.000409,b11100000
-0.00040875,b11100000
-0.0004085,b11100000
-0.00040825,b11100000
-0.000408,b11100000
-0.00040775,b11100000
-0.0004075,b11100000
-0.00040725,b11100000
-0.000407,b11100000
-0.00040675,b11100000
-0.0004065,b11100000
-0.00040625,b11100000
-0.000406,b11100000
-0.00040575,b11100000
-0.0004055,b11100000
-0.00040525,b11100000
-0.000405,b11100000
-0.00040475,b11100000
-0.0004045,b11100000
-0.00040425,b11100000
-0.000404,b11100000
-0.00040375,b11100000
-0.0004035,b11100000
-0.00040325,b11100000
-0.000403,b11100000
-0.00040275,b11100000
-0.0004025,b11100000
-0.00040225,b11100000
-0.000402,b11100000
-0.00040175,b11100000
-0.0004015,b11100000
-0.00040125,X
-0.000401,X
-0.00040075,X
-0.0004005,b00000011
-0.00040025,b00000011
-0.0004,b00000011
-0.00039975,b00000011
-0.0003995,b00000011
-0.00039925,b00000011
-0.000399,b00000011
-0.00039875,b00000011
-0.0003985,b00000011
-0.00039825,b00000011
-0.000398,b00000011
-0.00039775,b00000011
-0.0003975,b00000011
-0.00039725,b00000011
-0.000397,b00000011
-0.00039675,b00000011
-0.0003965,b00000011
-0.00039625,b00000011
-0.000396,b00000011
-0.00039575,b00000011
-0.0003955,b00000011
-0.00039525,b00000011
-0.000395,b00000011
-0.00039475,b00000011
-0.0003945,b00000011
-0.00039425,b00000011
-0.000394,b00000011
-0.00039375,b00000011
-0.0003935,b00000011
-0.00039325,b00000011
-0.000393,b00000011
-0.00039275,b00000011
-0.0003925,b00000011
-0.00039225,b00000011
-0.000392,b00000011
-0.00039175,b00000011
-0.0003915,b00000011
-0.00039125,b00000011
-0.000391,b00000011
-0.00039075,b00000011
-0.0003905,b00000011
-0.00039025,b00000011
-0.00039,b00000011
-0.00038975,b00000011
-0.0003895,b00000011
-0.00038925,b00000011
-0.000389,b00000011
-0.00038875,b00000011
-0.0003885,b00000011
-0.00038825,b00000011
-0.000388,b00000011
-0.00038775,b00000011
-0.0003875,b00000011
-0.00038725,b00000011
-0.000387,b00000011
-0.00038675,b00000011
-0.0003865,b00000011
-0.00038625,b00000011
-0.000386,b00000011
-0.00038575,b00000011
-0.0003855,b00000011
-0.00038525,b00000011
-0.000385,b00000011
-0.00038475,b00000011
-0.0003845,b00000011
-0.00038425,b00000011
-0.000384,b00000011
-0.00038375,b00000011
-0.0003835,b00000011
-0.00038325,b00000011
-0.000383,b00000011
-0.00038275,b00000011
-0.0003825,b00000011
-0.00038225,b00000011
-0.000382,b00000011
-0.00038175,b00000011
-0.0003815,b00000011
-0.00038125,b00000011
-0.000381,b00000011
-0.00038075,b00000011
-0.0003805,b00000011
-0.00038025,b00000011
-0.00038,b00000011
-0.00037975,b00000011
-0.0003795,b00000011
-0.00037925,b00000011
-0.000379,b00000011
-0.00037875,b00000011
-0.0003785,b00000011
-0.00037825,b00000011
-0.000378,b00000011
-0.00037775,b00000011
-0.0003775,X
-0.00037725,X
-0.000377,X
-0.00037675,b10011111
-0.0003765,b10011111
-0.00037625,b10011111
-0.000376,b10011111
-0.00037575,b10011111
-0.0003755,b10011111
-0.00037525,b10011111
-0.000375,b10011111
-0.00037475,b10011111
-0.0003745,b10011111
-0.00037425,b10011111
-0.000374,b10011111
-0.00037375,b10011111
-0.0003735,b10011111
-0.00037325,b10011111
-0.000373,b10011111
-0.00037275,b10011111
-0.0003725,b10011111
-0.00037225,b10011111
-0.000372,b10011111
-0.00037175,b10011111
-0.0003715,b10011111
-0.00037125,b10011111
-0.000371,b10011111
-0.00037075,b10011111
-0.0003705,b10011111
-0.00037025,b10011111
-0.00037,b10011111
-0.00036975,b10011111
-0.0003695,b10011111
-0.00036925,b10011111
-0.000369,b10011111
-0.00036875,b10011111
-0.0003685,b10011111
-0.00036825,b10011111
-0.000368,b10011111
-0.00036775,b10011111
-0.0003675,b10011111
-0.00036725,b10011111
-0.000367,b10011111
-0.00036675,b10011111
-0.0003665,b10011111
-0.00036625,b10011111
-0.000366,b10011111
-0.00036575,b10011111
-0.0003655,b10011111
-0.00036525,b10011111
-0.000365,b10011111
-0.00036475,b10011111
-0.0003645,b10011111
-0.00036425,b10011111
-0.000364,b10011111
-0.00036375,b10011111
-0.0003635,b10011111
-0.00036325,b10011111
-0.000363,b10011111
-0.00036275,b10011111
-0.0003625,b10011111
-0.00036225,b10011111
-0.000362,b10011111
-0.00036175,b10011111
-0.0003615,b10011111
-0.00036125,b10011111
-0.000361,b10011111
-0.00036075,b10011111
-0.0003605,b10011111
-0.00036025,b10011111
-0.00036,b10011111
-0.00035975,b10011111
-0.0003595,b10011111
-0.00035925,b10011111
-0.000359,b10011111
-0.00035875,b10011111
-0.0003585,b10011111
-0.00035825,b10011111
-0.000358,b10011111
-0.00035775,b10011111
-0.0003575,b10011111
-0.00035725,b10011111
-0.000357,b10011111
-0.00035675,b10011111
-0.0003565,b10011111
-0.00035625,b10011111
-0.000356,b10011111
-0.00035575,b10011111
-0.0003555,b10011111
-0.00035525,b10011111
-0.000355,b10011111
-0.00035475,b10011111
-0.0003545,b10011111
-0.00035425,b10011111
-0.000354,b10011111
-0.00035375,X
-0.0003535,X
-0.00035325,X
-0.000353,b01110100
-0.00035275,b01110100
-0.0003525,b01110100
-0.00035225,b01110100
-0.000352,b01110100
-0.00035175,b01110100
-0.0003515,b01110100
-0.00035125,b01110100
-0.000351,b01110100
-0.00035075,b01110100
-0.0003505,b01110100
-0.00035025,b01110100
-0.00035,b01110100
-0.00034975,b01110100
-0.0003495,b01110100
-0.00034925,b01110100
-0.000349,b01110100
-0.00034875,b01110100
-0.0003485,b01110100
-0.00034825,b01110100
-0.000348,b01110100
-0.00034775,b01110100
-0.0003475,b01110100
-0.00034725,b01110100
-0.000347,b01110100
-0.00034675,b01110100
-0.0003465,b01110100
-0.00034625,b01110100
-0.000346,b01110100
-0.00034575,b01110100
-0.0003455,b01110100
-0.00034525,b01110100
-0.000345,b01110100
-0.00034475,b01110100
-0.0003445,b01110100
-0.00034425,b01110100
-0.000344,b01110100
-0.00034375,b01110100
-0.0003435,b01110100
-0.00034325,b01110100
-0.000343,b01110100
-0.00034275,b01110100
-0.0003425,b01110100
-0.00034225,b01110100
-0.000342,b01110100
-0.00034175,b01110100
-0.0003415,b01110100
-0.00034125,b01110100
-0.000341,b01110100
-0.00034075,b01110100
-0.0003405,b01110100
-0.00034025,b01110100
-0.00034,b01110100
-0.00033975,b01110100
-0.0003395,b01110100
-0.00033925,b01110100
-0.000339,b01110100
-0.00033875,b01110100
-0.0003385,b01110100
-0.00033825,b01110100
-0.000338,b01110100
-0.00033775,b01110100
-0.0003375,b01110100
-0.00033725,b01110100
-0.000337,b01110100
-0.00033675,b01110100
-0.0003365,b01110100
-0.00033625,b01110100
-0.000336,b01110100
-0.00033575,b01110100
-0.0003355,b01110100
-0.00033525,b01110100
-0.000335,b01110100
-0.00033475,b01110100
-0.0003345,b01110100
-0.00033425,b01110100
-0.000334,b01110100
-0.00033375,b01110100
-0.0003335,b01110100
-0.00033325,b01110100
-0.000333,b01110100
-0.00033275,b01110100
-0.0003325,b01110100
-0.00033225,b01110100
-0.000332,b01110100
-0.00033175,b01110100
-0.0003315,b01110100
-0.00033125,b01110100
-0.000331,b01110100
-0.00033075,b01110100
-0.0003305,b01110100
-0.00033025,b01110100
-0.00033,X
-0.00032975,X
-0.0003295,X
-0.00032925,b11000000
-0.000329,b11000000
-0.00032875,b11000000
-0.0003285,b11000000
-0.00032825,b11000000
-0.000328,b11000000
-0.00032775,b11000000
-0.0003275,b11000000
-0.00032725,b11000000
-0.000327,b11000000
-0.00032675,b11000000
-0.0003265,b11000000
-0.00032625,b11000000
-0.000326,b11000000
-0.00032575,b11000000
-0.0003255,b11000000
-0.00032525,b11000000
-0.000325,b11000000
-0.00032475,b11000000
-0.0003245,b11000000
-0.00032425,b11000000
-0.000324,b11000000
-0.00032375,b11000000
-0.0003235,b11000000
-0.00032325,b11000000
-0.000323,b11000000
-0.00032275,b11000000
-0.0003225,b11000000
-0.00032225,b11000000
-0.000322,b11000000
-0.00032175,b11000000
-0.0003215,b11000000
-0.00032125,b11000000
-0.000321,b11000000
-0.00032075,b11000000
-0.0003205,b11000000
-0.00032025,b11000000
-0.00032,b11000000
-0.00031975,b11000000
-0.0003195,b11000000
-0.00031925,b11000000
-0.000319,b11000000
-0.00031875,b11000000
-0.0003185,b11000000
-0.00031825,b11000000
-0.000318,b11000000
-0.00031775,b11000000
-0.0003175,b11000000
-0.00031725,b11000000
-0.000317,b11000000
-0.00031675,b11000000
-0.0003165,b11000000
-0.00031625,b11000000
-0.000316,b11000000
-0.00031575,b11000000
-0.0003155,b11000000
-0.00031525,b11000000
-0.000315,b11000000
-0.00031475,b11000000
-0.0003145,b11000000
-0.00031425,b11000000
-0.000314,b11000000
-0.00031375,b11000000
-0.0003135,b11000000
-0.00031325,b11000000
-0.000313,b11000000
-0.00031275,b11000000
-0.0003125,b11000000
-0.00031225,b11000000
-0.000312,b11000000
-0.00031175,b11000000
-0.0003115,b11000000
-0.00031125,b11000000
-0.000311,b11000000
-0.00031075,b11000000
-0.0003105,b11000000
-0.00031025,b11000000
-0.00031,b11000000
-0.00030975,b11000000
-0.0003095,b11000000
-0.00030925,b11000000
-0.000309,b11000000
-0.00030875,b11000000
-0.0003085,b11000000
-0.00030825,b11000000
-0.000308,b11000000
-0.00030775,b11000000
-0.0003075,b11000000
-0.00030725,b11000000
-0.000307,b11000000
-0.00030675,b11000000
-0.0003065,b11000000
-0.00030625,X
-0.000306,X
-0.00030575,X
-0.0003055,b11110111
-0.00030525,b11110111
-0.000305,b11110111
-0.00030475,b11110111
-0.0003045,b11110111
-0.00030425,b11110111
-0.000304,b11110111
-0.00030375,b11110111
-0.0003035,b11110111
-0.00030325,b11110111
-0.000303,b11110111
-0.00030275,b11110111
-0.0003025,b11110111
-0.00030225,b11110111
-0.000302,b11110111
-0.00030175,b11110111
-0.0003015,b11110111
-0.00030125,b11110111
-0.000301,b11110111
-0.00030075,b11110111
-0.0003005,b11110111
-0.00030025,b11110111
-0.0003,b11110111
-0.00029975,b11110111
-0.0002995,b11110111
-0.00029925,b11110111
-0.000299,b11110111
-0.00029875,b11110111
-0.0002985,b11110111
-0.00029825,b11110111
-0.000298,b11110111
-0.00029775,b11110111
-0.0002975,b11110111
-0.00029725,b11110111
-0.000297,b11110111
-0.00029675,b11110111
-0.0002965,b11110111
-0.00029625,b11110111
-0.000296,b11110111
-0.00029575,b11110111
-0.0002955,b11110111
-0.00029525,b11110111
-0.000295,b11110111
-0.00029475,b11110111
-0.0002945,b11110111
-0.00029425,b11110111
-0.000294,b11110111
-0.00029375,b11110111
-0.0002935,b11110111
-0.00029325,b11110111
-0.000293,b11110111
-0.00029275,b11110111
-0.0002925,b11110111
-0.00029225,b11110111
-0.000292,b11110111
-0.00029175,b11110111
-0.0002915,b11110111
-0.00029125,b11110111
-0.000291,b11110111
-0.00029075,b11110111
-0.0002905,b11110111
-0.00029025,b11110111
-0.00029,b11110111
-0.00028975,b11110111
-0.0002895,b11110111
-0.00028925,b11110111
-0.000289,b11110111
-0.00028875,b11110111
-0.0002885,b11110111
-0.00028825,b11110111
-0.000288,b11110111
-0.00028775,b11110111
-0.0002875,b11110111
-0.00028725,b11110111
-0.000287,b11110111
-0.00028675,b11110111
-0.0002865,b11110111
-0.00028625,b11110111
-0.000286,b11110111
-0.00028575,b11110111
-0.0002855,b11110111
-0.00028525,b11110111
-0.000285,b11110111
-0.00028475,b11110111
-0.0002845,b11110111
-0.00028425,b11110111
-0.000284,b11110111
-0.00028375,b11110111
-0.0002835,b11110111
-0.00028325,b11110111
-0.000283,b11110111
-0.00028275,b11110111
-0.0002825,X
-0.00028225,X
-0.000282,X
-0.00028175,b10001011
-0.0002815,b10001011
-0.00028125,b10001011
-0.000281,b10001011
-0.00028075,b10001011
-0.0002805,b10001011
-0.00028025,b10001011
-0.00028,b10001011
-0.00027975,b10001011
-0.0002795,b10001011
-0.00027925,b10001011
-0.000279,b10001011
-0.00027875,b10001011
-0.0002785,b10001011
-0.00027825,b10001011
-0.000278,b10001011
-0.00027775,b10001011
-0.0002775,b10001011
-0.00027725,b10001011
-0.000277,b10001011
-0.00027675,b10001011
-0.0002765,b10001011
-0.00027625,b10001011
-0.000276,b10001011
-0.00027575,b10001011
-0.0002755,b10001011
-0.00027525,b10001011
-0.000275,b10001011
-0.00027475,b10001011
-0.0002745,b10001011
-0.00027425,b10001011
-0.000274,b10001011
-0.00027375,b10001011
-0.0002735,b10001011
-0.00027325,b10001011
-0.000273,b10001011
-0.00027275,b10001011
-0.0002725,b10001011
-0.00027225,b10001011
-0.000272,b10001011
-0.00027175,b10001011
-0.0002715,b10001011
-0.00027125,b10001011
-0.000271,b10001011
-0.00027075,b10001011
-0.0002705,b10001011
-0.00027025,b10001011
-0.00027,b10001011
-0.00026975,b10001011
-0.0002695,b10001011
-0.00026925,b10001011
-0.000269,b10001011
-0.00026875,b10001011
-0.0002685,b10001011
-0.00026825,b10001011
-0.000268,b10001011
-0.00026775,b10001011
-0.0002675,b10001011
-0.00026725,b10001011
-0.000267,b10001011
-0.00026675,b10001011
-0.0002665,b10001011
-0.00026625,b10001011
-0.000266,b10001011
-0.00026575,b10001011
-0.0002655,b10001011
-0.00026525,b10001011
-0.000265,b10001011
-0.00026475,b10001011
-0.0002645,b10001011
-0.00026425,b10001011
-0.000264,b10001011
-0.00026375,b10001011
-0.0002635,b10001011
-0.00026325,b10001011
-0.000263,b10001011
-0.00026275,b10001011
-0.0002625,b10001011
-0.00026225,b10001011
-0.000262,b10001011
-0.00026175,b10001011
-0.0002615,b10001011
-0.00026125,b10001011
-0.000261,b10001011
-0.00026075,b10001011
-0.0002605,b10001011
-0.00026025,b10001011
-0.00026,b10001011
-0.00025975,b10001011
-0.0002595,b10001011
-0.00025925,b10001011
-0.000259,b10001011
-0.00025875,X
-0.0002585,X
-0.00025825,X
-0.000258,b01011111
-0.00025775,b01011111
-0.0002575,b01011111
-0.00025725,b01011111
-0.000257,b01011111
-0.00025675,b01011111
-0.0002565,b01011111
-0.00025625,b01011111
-0.000256,b01011111
-0.00025575,b01011111
-0.0002555,b01011111
-0.00025525,b01011111
-0.000255,b01011111
-0.00025475,b01011111
-0.0002545,b01011111
-0.00025425,b01011111
-0.000254,b01011111
-0.00025375,b01011111
-0.0002535,b01011111
-0.00025325,b01011111
-0.000253,b01011111
-0.00025275,b01011111
-0.0002525,b01011111
-0.00025225,b01011111
-0.000252,b01011111
-0.00025175,b01011111
-0.0002515,b01011111
-0.00025125,b01011111
-0.000251,b01011111
-0.00025075,b01011111
-0.0002505,b01011111
-0.00025025,b01011111
-0.00025,b01011111
-0.00024975,b01011111
-0.0002495,b01011111
-0.00024925,b01011111
-0.000249,b01011111
-0.00024875,b01011111
-0.0002485,b01011111
-0.00024825,b01011111
-0.000248,b01011111
-0.00024775,b01011111
-0.0002475,b01011111
-0.00024725,b01011111
-0.000247,b01011111
-0.00024675,b01011111
-0.0002465,b01011111
-0.00024625,b01011111
-0.000246,b01011111
-0.00024575,b01011111
-0.0002455,b01011111
-0.00024525,b01011111
-0.000245,b01011111
-0.00024475,b01011111
-0.0002445,b01011111
-0.00024425,b01011111
-0.000244,b01011111
-0.00024375,b01011111
-0.0002435,b01011111
-0.00024325,b01011111
-0.000243,b01011111
-0.00024275,b01011111
-0.0002425,b01011111
-0.00024225,b01011111
-0.000242,b01011111
-0.00024175,b01011111
-0.0002415,b01011111
-0.00024125,b01011111
-0.000241,b01011111
-0.00024075,b01011111
-0.0002405,b01011111
-0.00024025,b01011111
-0.00024,b01011111
-0.00023975,b01011111
-0.0002395,b01011111
-0.00023925,b01011111
-0.000239,b01011111
-0.00023875,b01011111
-0.0002385,b01011111
-0.00023825,b01011111
-0.000238,b01011111
-0.00023775,b01011111
-0.0002375,b01011111
-0.00023725,b01011111
-0.000237,b01011111
-0.00023675,b01011111
-0.0002365,b01011111
-0.00023625,b01011111
-0.000236,b01011111
-0.00023575,b01011111
-0.0002355,b01011111
-0.00023525,b01011111
-0.000235,X
-0.00023475,X
-0.0002345,X
-0.00023425,b11111100
-0.000234,b11111100
-0.00023375,b11111100
-0.0002335,b11111100
-0.00023325,b11111100
-0.000233,b11111100
-0.00023275,b11111100
-0.0002325,b11111100
-0.00023225,b11111100
-0.000232,b11111100
-0.00023175,b11111100
-0.0002315,b11111100
-0.00023125,b11111100
-0.000231,b11111100
-0.00023075,b11111100
-0.0002305,b11111100
-0.00023025,b11111100
-0.00023,b11111100
-0.00022975,b11111100
-0.0002295,b11111100
-0.00022925,b11111100
-0.000229,b11111100
-0.00022875,b11111100
-0.0002285,b11111100
-0.00022825,b11111100
-0.000228,b11111100
-0.00022775,b11111100
-0.0002275,b11111100
-0.00022725,b11111100
-0.000227,b11111100
-0.00022675,b11111100
-0.0002265,b11111100
-0.00022625,b11111100
-0.000226,b11111100
-0.00022575,b11111100
-0.0002255,b11111100
-0.00022525,b11111100
-0.000225,b11111100
-0.00022475,b11111100
-0.0002245,b11111100
-0.00022425,b11111100
-0.000224,b11111100
-0.00022375,b11111100
-0.0002235,b11111100
-0.00022325,b11111100
-0.000223,b11111100
-0.00022275,b11111100
-0.0002225,b11111100
-0.00022225,b11111100
-0.000222,b11111100
-0.00022175,b11111100
-0.0002215,b11111100
-0.00022125,b11111100
-0.000221,b11111100
-0.00022075,b11111100
-0.0002205,b11111100
-0.00022025,b11111100
-0.00022,b11111100
-0.00021975,b11111100
-0.0002195,b11111100
-0.00021925,b11111100
-0.000219,b11111100
-0.00021875,b11111100
-0.0002185,b11111100
-0.00021825,b11111100
-0.000218,b11111100
-0.00021775,b11111100
-0.0002175,b11111100
-0.00021725,b11111100
-0.000217,b11111100
-0.00021675,b11111100
-0.0002165,b11111100
-0.00021625,b11111100
-0.000216,b11111100
-0.00021575,b11111100
-0.0002155,b11111100
-0.00021525,b11111100
-0.000215,b11111100
-0.00021475,b11111100
-0.0002145,b11111100
-0.00021425,b11111100
-0.000214,b11111100
-0.00021375,b11111100
-0.0002135,b11111100
-0.00021325,b11111100
-0.000213,b11111100
-0.00021275,b11111100
-0.0002125,b11111100
-0.00021225,b11111100
-0.000212,b11111100
-0.00021175,b11111100
-0.0002115,b11111100
-0.00021125,X
-0.000211,X
-0.00021075,X
-0.0002105,b11100010
-0.00021025,b11100010
-0.00021,b11100010
-0.00020975,b11100010
-0.0002095,b11100010
-0.00020925,b11100010
-0.000209,b11100010
-0.00020875,b11100010
-0.0002085,b11100010
-0.00020825,b11100010
-0.000208,b11100010
-0.00020775,b11100010
-0.0002075,b11100010
-0.00020725,b11100010
-0.000207,b11100010
-0.00020675,b11100010
-0.0002065,b11100010
-0.00020625,b11100010
-0.000206,b11100010
-0.00020575,b11100010
-0.0002055,b11100010
-0.00020525,b11100010
-0.000205,b11100010
-0.00020475,b11100010
-0.0002045,b11100010
-0.00020425,b11100010
-0.000204,b11100010
-0.00020375,b11100010
-0.0002035,b11100010
-0.00020325,b11100010
-0.000203,b11100010
-0.00020275,b11100010
-0.0002025,b11100010
-0.00020225,b11100010
-0.000202,b11100010
-0.00020175,b11100010
-0.0002015,b11100010
-0.00020125,b11100010
-0.000201,b11100010
-0.00020075,b11100010
-0.0002005,b11100010
-0.00020025,b11100010
-0.0002,b11100010
-0.00019975,b11100010
-0.0001995,b11100010
-0.00019925,b11100010
-0.000199,b11100010
-0.00019875,b11100010
-0.0001985,b11100010
-0.00019825,b11100010
-0.000198,b11100010
-0.00019775,b11100010
-0.0001975,b11100010
-0.00019725,b11100010
-0.000197,b11100010
-0.00019675,b11100010
-0.0001965,b11100010
-0.00019625,b11100010
-0.000196,b11100010
-0.00019575,b11100010
-0.0001955,b11100010
-0.00019525,b11100010
-0.000195,b11100010
-0.00019475,b11100010
-0.0001945,b11100010
-0.00019425,b11100010
-0.000194,b11100010
-0.00019375,b11100010
-0.0001935,b11100010
-0.00019325,b11100010
-0.000193,b11100010
-0.00019275,b11100010
-0.0001925,b11100010
-0.00019225,b11100010
-0.000192,b11100010
-0.00019175,b11100010
-0.0001915,b11100010
-0.00019125,b11100010
-0.000191,b11100010
-0.00019075,b11100010
-0.0001905,b11100010
-0.00019025,b11100010
-0.00019,b11100010
-0.00018975,b11100010
-0.0001895,b11100010
-0.00018925,b11100010
-0.000189,b11100010
-0.00018875,b11100010
-0.0001885,b11100010
-0.00018825,b11100010
-0.000188,b11100010
-0.00018775,b11100010
-0.0001875,X
-0.00018725,X
-0.000187,X
-0.00018675,b00010111
-0.0001865,b00010111
-0.00018625,b00010111
-0.000186,b00010111
-0.00018575,b00010111
-0.0001855,b00010111
-0.00018525,b00010111
-0.000185,b00010111
-0.00018475,b00010111
-0.0001845,b00010111
-0.00018425,b00010111
-0.000184,b00010111
-0.00018375,b00010111
-0.0001835,b00010111
-0.00018325,b00010111
-0.000183,b00010111
-0.00018275,b00010111
-0.0001825,b00010111
-0.00018225,b00010111
-0.000182,b00010111
-0.00018175,b00010111
-0.0001815,b00010111
-0.00018125,b00010111
-0.000181,b00010111
-0.00018075,b00010111
-0.0001805,b00010111
-0.00018025,b00010111
-0.00018,b00010111
-0.00017975,b00010111
-0.0001795,b00010111
-0.00017925,b00010111
-0.000179,b00010111
-0.00017875,b00010111
-0.0001785,b00010111
-0.00017825,b00010111
-0.000178,b00010111
-0.00017775,b00010111
-0.0001775,b00010111
-0.00017725,b00010111
-0.000177,b00010111
-0.00017675,b00010111
-0.0001765,b00010111
-0.00017625,b00010111
-0.000176,b00010111
-0.00017575,b00010111
-0.0001755,b00010111
-0.00017525,b00010111
-0.000175,b00010111
-0.00017475,b00010111
-0.0001745,b00010111
-0.00017425,b00010111
-0.000174,b00010111
-0.00017375,b00010111
-0.0001735,b00010111
-0.00017325,b00010111
-0.000173,b00010111
-0.00017275,b00010111
-0.0001725,b00010111
-0.00017225,b00010111
-0.000172,b00010111
-0.00017175,b00010111
-0.0001715,b00010111
-0.00017125,b00010111
-0.000171,b00010111
-0.00017075,b00010111
-0.0001705,b00010111
-0.00017025,b00010111
-0.00017,b00010111
-0.00016975,b00010111
-0.0001695,b00010111
-0.00016925,b00010111
-0.000169,b00010111
-0.00016875,b00010111
-0.0001685,b00010111
-0.00016825,b00010111
-0.000168,b00010111
-0.00016775,b00010111
-0.0001675,b00010111
-0.00016725,b00010111
-0.000167,b00010111
-0.00016675,b00010111
-0.0001665,b00010111
-0.00016625,b00010111
-0.000166,b00010111
-0.00016575,b00010111
-0.0001655,b00010111
-0.00016525,b00010111
-0.000165,b00010111
-0.00016475,b00010111
-0.0001645,b00010111
-0.00016425,b00010111
-0.000164,b00010111
-0.00016375,X
-0.0001635,X
-0.00016325,X
-0.000163,b11100000
-0.00016275,b11100000
-0.0001625,b11100000
-0.00016225,b11100000
-0.000162,b11100000
-0.00016175,b11100000
-0.0001615,b11100000
-0.00016125,b11100000
-0.000161,b11100000
-0.00016075,b11100000
-0.0001605,b11100000
-0.00016025,b11100000
-0.00016,b11100000
-0.00015975,b11100000
-0.0001595,b11100000
-0.00015925,b11100000
-0.000159,b11100000
-0.00015875,b11100000
-0.0001585,b11100000
-0.00015825,b11100000
-0.000158,b11100000
-0.00015775,b11100000
-0.0001575,b11100000
-0.00015725,b11100000
-0.000157,b11100000
-0.00015675,b11100000
-0.0001565,b11100000
-0.00015625,b11100000
-0.000156,b11100000
-0.00015575,b11100000
-0.0001555,b11100000
-0.00015525,b11100000
-0.000155,b11100000
-0.00015475,b11100000
-0.0001545,b11100000
-0.00015425,b11100000
-0.000154,b11100000
-0.00015375,b11100000
-0.0001535,b11100000
-0.00015325,b11100000
-0.000153,b11100000
-0.00015275,b11100000
-0.0001525,b11100000
-0.00015225,b11100000
-0.000152,b11100000
-0.00015175,b11100000
-0.0001515,b11100000
-0.00015125,b11100000
-0.000151,b11100000
-0.00015075,b11100000
-0.0001505,b11100000
-0.00015025,b11100000
-0.00015,b11100000
-0.00014975,b11100000
-0.0001495,b11100000
-0.00014925,b11100000
-0.000149,b11100000
-0.00014875,b11100000
-0.0001485,b11100000
-0.00014825,b11100000
-0.000148,b11100000
-0.00014775,b11100000
-0.0001475,b11100000
-0.00014725,b11100000
-0.000147,b11100000
-0.00014675,b11100000
-0.0001465,b11100000
-0.00014625,b11100000
-0.000146,b11100000
-0.00014575,b11100000
-0.0001455,b11100000
-0.00014525,b11100000
-0.000145,b11100000
-0.00014475,b11100000
-0.0001445,b11100000
-0.00014425,b11100000
-0.000144,b11100000
-0.00014375,b11100000
-0.0001435,b11100000
-0.00014325,b11100000
-0.000143,b11100000
-0.00014275,b11100000
-0.0001425,b11100000
-0.00014225,b11100000
-0.000142,b11100000
-0.00014175,b11100000
-0.0001415,b11100000
-0.00014125,b11100000
-0.000141,b11100000
-0.00014075,b11100000
-0.0001405,b11100000
-0.00014025,b11100000
-0.00014,X
-0.00013975,X
-0.0001395,X
-0.00013925,b00000011
-0.000139,b00000011
-0.00013875,b00000011
-0.0001385,b00000011
-0.00013825,b00000011
-0.000138,b00000011
-0.00013775,b00000011
-0.0001375,b00000011
-0.00013725,b00000011
-0.000137,b00000011
-0.00013675,b00000011
-0.0001365,b00000011
-0.00013625,b00000011
-0.000136,b00000011
-0.00013575,b00000011
-0.0001355,b00000011
-0.00013525,b00000011
-0.000135,b00000011
-0.00013475,b00000011
-0.0001345,b00000011
-0.00013425,b00000011
-0.000134,b00000011
-0.00013375,b00000011
-0.0001335,b00000011
-0.00013325,b00000011
-0.000133,b00000011
-0.00013275,b00000011
-0.0001325,b00000011
-0.00013225,b00000011
-0.000132,b00000011
-0.00013175,b00000011
-0.0001315,b00000011
-0.00013125,b00000011
-0.000131,b00000011
-0.00013075,b00000011
-0.0001305,b00000011
-0.00013025,b00000011
-0.00013,b00000011
-0.00012975,b00000011
-0.0001295,b00000011
-0.00012925,b00000011
-0.000129,b00000011
-0.00012875,b00000011
-0.0001285,b00000011
-0.00012825,b00000011
-0.000128,b00000011
-0.00012775,b00000011
-0.0001275,b00000011
-0.00012725,b00000011
-0.000127,b00000011
-0.00012675,b00000011
-0.0001265,b00000011
-0.00012625,b00000011
-0.000126,b00000011
-0.00012575,b00000011
-0.0001255,b00000011
-0.00012525,b00000011
-0.000125,b00000011
-0.00012475,b00000011
-0.0001245,b00000011
-0.00012425,b00000011
-0.000124,b00000011
-0.00012375,b00000011
-0.0001235,b00000011
-0.00012325,b00000011
-0.000123,b00000011
-0.00012275,b00000011
-0.0001225,b00000011
-0.00012225,b00000011
-0.000122,b00000011
-0.00012175,b00000011
-0.0001215,b00000011
-0.00012125,b00000011
-0.000121,b00000011
-0.00012075,b00000011
-0.0001205,b00000011
-0.00012025,b00000011
-0.00012,b00000011
-0.00011975,b00000011
-0.0001195,b00000011
-0.00011925,b00000011
-0.000119,b00000011
-0.00011875,b00000011
-0.0001185,b00000011
-0.00011825,b00000011
-0.000118,b00000011
-0.00011775,b00000011
-0.0001175,b00000011
-0.00011725,b00000011
-0.000117,b00000011
-0.00011675,b00000011
-0.0001165,b00000011
-0.00011625,X
-0.000116,X
-0.00011575,X
-0.0001155,b00011111
-0.00011525,b00011111
-0.000115,b00011111
-0.00011475,b00011111
-0.0001145,b00011111
-0.00011425,b00011111
-0.000114,b00011111
-0.00011375,b00011111
-0.0001135,b00011111
-0.00011325,b00011111
-0.000113,b00011111
-0.00011275,b00011111
-0.0001125,b00011111
-0.00011225,b00011111
-0.000112,b00011111
-0.00011175,b00011111
-0.0001115,b00011111
-0.00011125,b00011111
-0.000111,b00011111
-0.00011075,b00011111
-0.0001105,b00011111
-0.00011025,b00011111
-0.00011,b00011111
-0.00010975,b00011111
-0.0001095,b00011111
-0.00010925,b00011111
-0.000109,b00011111
-0.00010875,b00011111
-0.0001085,b00011111
-0.00010825,b00011111
-0.000108,b00011111
-0.00010775,b00011111
-0.0001075,b00011111
-0.00010725,b00011111
-0.000107,b00011111
-0.00010675,b00011111
-0.0001065,b00011111
-0.00010625,b00011111
-0.000106,b00011111
-0.00010575,b00011111
-0.0001055,b00011111
-0.00010525,b00011111
-0.000105,b00011111
-0.00010475,b00011111
-0.0001045,b00011111
-0.00010425,b00011111
-0.000104,b00011111
-0.00010375,b00011111
-0.0001035,b00011111
-0.00010325,b00011111
-0.000103,b00011111
-0.00010275,b00011111
-0.0001025,b00011111
-0.00010225,b00011111
-0.000102,b00011111
-0.00010175,b00011111
-0.0001015,b00011111
-0.00010125,b00011111
-0.000101,b00011111
-0.00010075,b00011111
-0.0001005,b00011111
-0.00010025,b00011111
-0.0001,b00011111
-9.975e-05,b00011111
-9.95e-05,b00011111
-9.925e-05,b00011111
-9.9e-05,b00011111
-9.875e-05,b00011111
-9.85e-05,b00011111
-9.825e-05,b00011111
-9.8e-05,b00011111
-9.775e-05,b00011111
-9.75e-05,b00011111
-9.725e-05,b00011111
-9.7e-05,b00011111
-9.675e-05,b00011111
-9.65e-05,b00011111
-9.625e-05,b00011111
-9.6e-05,b00011111
-9.575e-05,b00011111
-9.55e-05,b00011111
-9.525e-05,b00011111
-9.5e-05,b00011111
-9.475e-05,b00011111
-9.45e-05,b00011111
-9.425e-05,b00011111
-9.4e-05,b00011111
-9.375e-05,b00011111
-9.35e-05,b00011111
-9.325e-05,b00011111
-9.3e-05,b00011111
-9.275e-05,b00011111
-9.25e-05,X
-9.225e-05,X
-9.2e-05,X
-9.175e-05,b11111000
-9.15e-05,b11111000
-9.125e-05,b11111000
-9.1e-05,b11111000
-9.075e-05,b11111000
-9.05e-05,b11111000
-9.025e-05,b11111000
-9e-05,b11111000
-8.975e-05,b11111000
-8.95e-05,b11111000
-8.925e-05,b11111000
-8.9e-05,b11111000
-8.875e-05,b11111000
-8.85e-05,b11111000
-8.825e-05,b11111000
-8.8e-05,b11111000
-8.775e-05,b11111000
-8.75e-05,b11111000
-8.725e-05,b11111000
-8.7e-05,b11111000
-8.675e-05,b11111000
-8.65e-05,b11111000
-8.625e-05,b11111000
-8.6e-05,b11111000
-8.575e-05,b11111000
-8.55e-05,b11111000
-8.525e-05,b11111000
-8.5e-05,b11111000
-8.475e-05,b11111000
-8.45e-05,b11111000
-8.425e-05,b11111000
-8.4e-05,b11111000
-8.375e-05,b11111000
-8.35e-05,b11111000
-8.325e-05,b11111000
-8.3e-05,b11111000
-8.275e-05,b11111000
-8.25e-05,b11111000
-8.225e-05,b11111000
-8.2e-05,b11111000
-8.175e-05,b11111000
-8.15e-05,b11111000
-8.125e-05,b11111000
-8.1e-05,b11111000
-8.075e-05,b11111000
-8.05e-05,b11111000
-8.025e-05,b11111000
-8e-05,b11111000
-7.975e-05,b11111000
-7.95e-05,b11111000
-7.925e-05,b11111000
-7.9e-05,b11111000
-7.875e-05,b11111000
-7.85e-05,b11111000
-7.825e-05,b11111000
-7.8e-05,b11111000
-7.775e-05,b11111000
-7.75e-05,b11111000
-7.725e-05,b11111000
-7.7e-05,b11111000
-7.675e-05,b11111000
-7.65e-05,b11111000
-7.625e-05,b11111000
-7.6e-05,b11111000
-7.575e-05,b11111000
-7.55e-05,b11111000
-7.525e-05,b11111000
-7.5e-05,b11111000
-7.475e-05,b11111000
-7.45e-05,b11111000
-7.425e-05,b11111000
-7.4e-05,b11111000
-7.375e-05,b11111000
-7.35e-05,b11111000
-7.325e-05,b11111000
-7.3e-05,b11111000
-7.275e-05,b11111000
-7.25e-05,b11111000
-7.225e-05,b11111000
-7.2e-05,b11111000
-7.175e-05,b11111000
-7.15e-05,b11111000
-7.125e-05,b11111000
-7.1e-05,b11111000
-7.075e-05,b11111000
-7.05e-05,b11111000
-7.025e-05,b11111000
-7e-05,b11111000
-6.975e-05,b11111000
-6.95e-05,b11111000
-6.925e-05,b11111000
-6.9e-05,b11111000
-6.875e-05,X
-6.85e-05,X
-6.825e-05,X
-6.8e-05,b00101000
-6.775e-05,b00101000
-6.75e-05,b00101000
-6.725e-05,b00101000
-6.7e-05,b00101000
-6.675e-05,b00101000
-6.65e-05,b00101000
-6.625e-05,b00101000
-6.6e-05,b00101000
-6.575e-05,b00101000
-6.55e-05,b00101000
-6.525e-05,b00101000
-6.5e-05,b00101000
-6.475e-05,b00101000
-6.45e-05,b00101000
-6.425e-05,b00101000
-6.4e-05,b00101000
-6.375e-05,b00101000
-6.35e-05,b00101000
-6.325e-05,b00101000
-6.3e-05,b00101000
-6.275e-05,b00101000
-6.25e-05,b00101000
-6.225e-05,b00101000
-6.2e-05,b00101000
-6.175e-05,b00101000
-6.15e-05,b00101000
-6.125e-05,b00101000
-6.1e-05,b00101000
-6.075e-05,b00101000
-6.05e-05,b00101000
-6.025e-05,b00101000
-6e-05,b00101000
-5.975e-05,b00101000
-5.95e-05,b00101000
-5.925e-05,b00101000
-5.9e-05,b00101000
-5.875e-05,b00101000
-5.85e-05,b00101000
-5.825e-05,b00101000
-5.8e-05,b00101000
-5.775e-05,b00101000
-5.75e-05,b00101000
-5.725e-05,b00101000
-5.7e-05,b00101000
-5.675e-05,b00101000
-5.65e-05,b00101000
-5.625e-05,b00101000
-5.6e-05,b00101000
-5.575e-05,b00101000
-5.55e-05,b00101000
-5.525e-05,b00101000
-5.5e-05,b00101000
-5.475e-05,b00101000
-5.45e-05,b00101000
-5.425e-05,b00101000
-5.4e-05,b00101000
-5.375e-05,b00101000
-5.35e-05,b00101000
-5.325e-05,b00101000
-5.3e-05,b00101000
-5.275e-05,b00101000
-5.25e-05,b00101000
-5.225e-05,b00101000
-5.2e-05,b00101000
-5.175e-05,b00101000
-5.15e-05,b00101000
-5.125e-05,b00101000
-5.1e-05,b00101000
-5.075e-05,b00101000
-5.05e-05,b00101000
-5.025e-05,b00101000
-5e-05,b00101000
-4.975e-05,b00101000
-4.95e-05,b00101000
-4.925e-05,b00101000
-4.9e-05,b00101000
-4.875e-05,b00101000
-4.85e-05,b00101000
-4.825e-05,b00101000
-4.8e-05,b00101000
-4.775e-05,b00101000
-4.75e-05,b00101000
-4.725e-05,b00101000
-4.7e-05,b00101000
-4.675e-05,b00101000
-4.65e-05,b00101000
-4.625e-05,b00101000
-4.6e-05,b00101000
-4.575e-05,b00101000
-4.55e-05,b00101000
-4.525e-05,b00101000
-4.5e-05,X
-4.475e-05,X
-4.45e-05,X
-4.425e-05,b00001000
-4.4e-05,b00001000
-4.375e-05,b00001000
-4.35e-05,b00001000
-4.325e-05,b00001000
-4.3e-05,b00001000
-4.275e-05,b00001000
-4.25e-05,b00001000
-4.225e-05,b00001000
-4.2e-05,b00001000
-4.175e-05,b00001000
-4.15e-05,b00001000
-4.125e-05,b00001000
-4.1e-05,b00001000
-4.075e-05,b00001000
-4.05e-05,b00001000
-4.025e-05,b00001000
-4e-05,b00001000
-3.975e-05,b00001000
-3.95e-05,b00001000
-3.925e-05,b00001000
-3.9e-05,b00001000
-3.875e-05,b00001000
-3.85e-05,b00001000
-3.825e-05,b00001000
-3.8e-05,b00001000
-3.775e-05,b00001000
-3.75e-05,b00001000
-3.725e-05,b00001000
-3.7e-05,b00001000
-3.675e-05,b00001000
-3.65e-05,b00001000
-3.625e-05,b00001000
-3.6e-05,b00001000
-3.575e-05,b00001000
-3.55e-05,b00001000
-3.525e-05,b00001000
-3.5e-05,b00001000
-3.475e-05,b00001000
-3.45e-05,b00001000
-3.425e-05,b00001000
-3.4e-05,b00001000
-3.375e-05,b00001000
-3.35e-05,b00001000
-3.325e-05,b00001000
-3.3e-05,b00001000
-3.275e-05,b00001000
-3.25e-05,b00001000
-3.225e-05,b00001000
-3.2e-05,b00001000
-3.175e-05,b00001000
-3.15e-05,b00001000
-3.125e-05,b00001000
-3.1e-05,b00001000
-3.075e-05,b00001000
-3.05e-05,b00001000
-3.025e-05,b00001000
-3e-05,b00001000
-2.975e-05,b00001000
-2.95e-05,b00001000
-2.925e-05,b00001000
-2.9e-05,b00001000
-2.875e-05,b00001000
-2.85e-05,b00001000
-2.825e-05,b00001000
-2.8e-05,b00001000
-2.775e-05,b00001000
-2.75e-05,b00001000
-2.725e-05,b00001000
-2.7e-05,b00001000
-2.675e-05,b00001000
-2.65e-05,b00001000
-2.625e-05,b00001000
-2.6e-05,b00001000
-2.575e-05,b00001000
-2.55e-05,b00001000
-2.525e-05,b00001000
-2.5e-05,b00001000
-2.475e-05,b00001000
-2.45e-05,b00001000
-2.425e-05,b00001000
-2.4e-05,b00001000
-2.375e-05,b00001000
-2.35e-05,b00001000
-2.325e-05,b00001000
-2.3e-05,b00001000
-2.275e-05,b00001000
-2.25e-05,b00001000
-2.225e-05,b00001000
-2.2e-05,b00001000
-2.175e-05,b00001000
-2.15e-05,b00001000
-2.125e-05,X
-2.1e-05,X
-2.075e-05,X
-2.05e-05,b00000000
-2.025e-05,b00000000
-2e-05,b00000000
-1.975e-05,b00000000
-1.95e-05,b00000000
-1.925e-05,b00000000
-1.9e-05,b00000000
-1.875e-05,b00000000
-1.85e-05,b00000000
-1.825e-05,b00000000
-1.8e-05,b00000000
-1.775e-05,b00000000
-1.75e-05,b00000000
-1.725e-05,b00000000
-1.7e-05,b00000000
-1.675e-05,b00000000
-1.65e-05,b00000000
-1.625e-05,b00000000
-1.6e-05,b00000000
-1.575e-05,b00000000
-1.55e-05,b00000000
-1.525e-05,b00000000
-1.5e-05,b00000000
-1.475e-05,b00000000
-1.45e-05,b00000000
-1.425e-05,b00000000
-1.4e-05,b00000000
-1.375e-05,b00000000
-1.35e-05,b00000000
-1.325e-05,b00000000
-1.3e-05,b00000000
-1.275e-05,b00000000
-1.25e-05,b00000000
-1.225e-05,b00000000
-1.2e-05,b00000000
-1.175e-05,b00000000
-1.15e-05,b00000000
-1.125e-05,b00000000
-1.1e-05,b00000000
-1.075e-05,b00000000
-1.05e-05,b00000000
-1.025e-05,b00000000
-1e-05,b00000000
-9.75e-06,b00000000
-9.5e-06,b00000000
-9.25e-06,b00000000
-9e-06,b00000000
-8.75e-06,b00000000
-8.5e-06,b00000000
-8.25e-06,b00000000
-8e-06,b00000000
-7.75e-06,b00000000
-7.5e-06,b00000000
-7.25e-06,b00000000
-7e-06,b00000000
-6.75e-06,b00000000
-6.5e-06,b00000000
-6.25e-06,b00000000
-6e-06,b00000000
-5.75e-06,b00000000
-5.5e-06,b00000000
-5.25e-06,b00000000
-5e-06,b00000000
-4.75e-06,b00000000
-4.5e-06,b00000000
-4.25e-06,b00000000
-4e-06,b00000000
-3.75e-06,b00000000
-3.5e-06,b00000000
-3.25e-06,b00000000
-3e-06,b00000000
-2.75e-06,b00000000
-2.5e-06,b00000000
-2.25e-06,b00000000
-2e-06,b00000000
-1.75e-06,b00000000
-1.5e-06,b00000000
-1.25e-06,b00000000
-1e-06,b00000000
-7.5e-07,b00000000
-5e-07,b00000000
-2.5e-07,b00000000
0,b00000000
2.5e-07,b00000000
5e-07,b00000000
7.5e-07,b00000000
1e-06,b00000000
1.25e-06,b00000000
1.5e-06,b00000000
1.75e-06,b00000000
2e-06,b00000000
2.25e-06,b00000000
2.5e-06,X
2.75e-06,X
3e-06,X
3.25e-06,b00000000
3.5e-06,b00000000
3.75e-06,b00000000
4e-06,b00000000
4.25e-06,b00000000
4.5e-06,b00000000
4.75e-06,b00000000
5e-06,b00000000
5.25e-06,b00000000
5.5e-06,b00000000
5.75e-06,b00000000
6e-06,b00000000
6.25e-06,b00000000
6.5e-06,b00000000
6.75e-06,b00000000
7e-06,b00000000
7.25e-06,b00000000
7.5e-06,b00000000
7.75e-06,b00000000
8e-06,b00000000
8.25e-06,b00000000
8.5e-06,b00000000
8.75e-06,b00000000
9e-06,b00000000
9.25e-06,b00000000
9.5e-06,b00000000
9.75e-06,b00000000
1e-05,b00000000
1.025e-05,b00000000
1.05e-05,b00000000
1.075e-05,b00000000
1.1e-05,b00000000
1.125e-05,b00000000
1.15e-05,b00000000
1.175e-05,b00000000
1.2e-05,b00000000
1.225e-05,b00000000
1.25e-05,b00000000
1.275e-05,b00000000
1.3e-05,b00000000
1.325e-05,b00000000
1.35e-05,b00000000
1.375e-05,b00000000
1.4e-05,b00000000
1.425e-05,b00000000
1.45e-05,b00000000
1.475e-05,b00000000
1.5e-05,b00000000
1.525e-05,b00000000
1.55e-05,b00000000
1.575e-05,b00000000
1.6e-05,b00000000
1.625e-05,b00000000
1.65e-05,b00000000
1.675e-05,b00000000
1.7e-05,b00000000
1.725e-05,b00000000
1.75e-05,b00000000
1.775e-05,b00000000
1.8e-05,b00000000
1.825e-05,b00000000
1.85e-05,b00000000
1.875e-05,b00000000
1.9e-05,b00000000
1.925e-05,b00000000
1.95e-05,b00000000
1.975e-05,b00000000
2e-05,b00000000
2.025e-05,b00000000
2.05e-05,b00000000
2.075e-05,b00000000
2.1e-05,b00000000
2.125e-05,b00000000
2.15e-05,b00000000
2.175e-05,b00000000
2.2e-05,b00000000
2.225e-05,b00000000
2.25e-05,b00000000
2.275e-05,b00000000
2.3e-05,b00000000
2.325e-05,b00000000
2.35e-05,b00000000
2.375e-05,b00000000
2.4e-05,b00000000
2.425e-05,b00000000
2.45e-05,b00000000
2.475e-05,b00000000
2.5e-05,b00000000
2.525e-05,b00000000
2.55e-05,b00000000
2.575e-05,b00000000
2.6e-05,b00000000
2.625e-05,X
2.65e-05,X
2.675e-05,X
2.7e-05,b01000100
2.725e-05,b01000100
2.75e-05,b01000100
2.775e-05,b01000100
2.8e-05,b01000100
2.825e-05,b01000100
2.85e-05,b01000100
2.875e-05,b01000100
2.9e-05,b01000100
2.925e-05,b01000100
2.95e-05,b01000100
2.975e-05,b01000100
3e-05,b01000100
3.025e-05,b01000100
3.05e-05,b01000100
3.075e-05,b01000100
3.1e-05,b01000100
3.125e-05,b01000100
3.15e-05,b01000100
3.175e-05,b01000100
3.2e-05,b01000100
3.225e-05,b01000100
3.25e-05,b01000100
3.275e-05,b01000100
3.3e-05,b01000100
3.325e-05,b01000100
3.35e-05,b01000100
3.375e-05,b01000100
3.4e-05,b01000100
3.425e-05,b01000100
3.45e-05,b01000100
3.475e-05,b01000100
3.5e-05,b01000100
3.525e-05,b01000100
3.55e-05,b01000100
3.575e-05,b01000100
3.6e-05,b01000100
3.625e-05,b01000100
3.65e-05,b01000100
3.675e-05,b01000100
3.7e-05,b01000100
3.725e-05,b01000100
3.75e-05,b01000100
3.775e-05,b01000100
3.8e-05,b01000100
3.825e-05,b01000100
3.85e-05,b01000100
3.875e-05,b01000100
3.9e-05,b01000100
3.925e-05,b01000100
3.95e-05,b01000100
3.975e-05,b01000100
4e-05,b01000100
4.025e-05,b01000100
4.05e-05,b01000100
4.075e-05,b01000100
4.1e-05,b01000100
4.125e-05,b01000100
4.15e-05,b01000100
4.175e-05,b01000100
4.2e-05,b01000100
4.225e-05,b01000100
4.25e-05,b01000100
4.275e-05,b01000100
4.3e-05,b01000100
4.325e-05,b01000100
4.35e-05,b01000100
4.375e-05,b01000100
4.4e-05,b01000100
4.425e-05,b01000100
4.45e-05,b01000100
4.475e-05,b01000100
4.5e-05,b01000100
4.525e-05,b01000100
4.55e-05,b01000100
4.575e-05,b01000100
4.6e-05,b01000100
4.625e-05,b01000100
4.65e-05,b01000100
4.675e-05,b01000100
4.7e-05,b01000100
4.725e-05,b01000100
4.75e-05,b01000100
4.775e-05,b01000100
4.8e-05,b01000100
4.825e-05,b01000100
4.85e-05,b01000100
4.875e-05,b01000100
4.9e-05,b01000100
4.925e-05,b01000100
4.95e-05,b01000100
4.975e-05,b01000100
5e-05,X
5.025e-05,X
5.05e-05,X
5.075e-05,b00111100
5.1e-05,b00111100
5.125e-05,b00111100
5.15e-05,b00111100
5.175e-05,b00111100
5.2e-05,b00111100
5.225e-05,b00111100
5.25e-05,b00111100
5.275e-05,b00111100
5.3e-05,b00111100
5.325e-05,b00111100
5.35e-05,b00111100
5.375e-05,b00111100
5.4e-05,b00111100
5.425e-05,b00111100
5.45e-05,b00111100
5.475e-05,b00111100
5.5e-05,b00111100
5.525e-05,b00111100
5.55e-05,b00111100
5.575e-05,b00111100
5.6e-05,b00111100
5.625e-05,b00111100
5.65e-05,b00111100
5.675e-05,b00111100
5.7e-05,b00111100
5.725e-05,b00111100
5.75e-05,b00111100
5.775e-05,b00111100
5.8e-05,b00111100
5.825e-05,b00111100
5.85e-05,b00111100
5.875e-05,b00111100
5.9e-05,b00111100
5.925e-05,b00111100
5.95e-05,b00111100
5.975e-05,b00111100
6e-05,b00111100
6.025e-05,b00111100
6.05e-05,b00111100
6.075e-05,b00111100
6.1e-05,b00111100
6.125e-05,b00111100
6.15e-05,b00111100
6.175e-05,b00111100
6.2e-05,b00111100
6.225e-05,b00111100
6.25e-05,b00111100
6.275e-05,b00111100
6.3e-05,b00111100
6.325e-05,b00111100
6.35e-05,b00111100
6.375e-05,b00111100
6.4e-05,b00111100
6.425e-05,b00111100
6.45e-05,b00111100
6.475e-05,b00111100
6.5e-05,b00111100
6.525e-05,b00111100
6.55e-05,b00111100
6.575e-05,b00111100
6.6e-05,b00111100
6.625e-05,b00111100
6.65e-05,b00111100
6.675e-05,b00111100
6.7e-05,b00111100
6.725e-05,b00111100
6.75e-05,b00111100
6.775e-05,b00111100
6.8e-05,b00111100
6.825e-05,b00111100
6.85e-05,b00111100
6.875e-05,b00111100
6.9e-05,b00111100
6.925e-05,b00111100
6.95e-05,b00111100
6.975e-05,b00111100
7e-05,b00111100
7.025e-05,b00111100
7.05e-05,b00111100
7.075e-05,b00111100
7.1e-05,b00111100
7.125e-05,b00111100
7.15e-05,b00111100
7.175e-05,b00111100
7.2e-05,b00111100
7.225e-05,b00111100
7.25e-05,b00111100
7.275e-05,b00111100
7.3e-05,b00111100
7.325e-05,b00111100
7.35e-05,b00111100
7.375e-05,X
7.4e-05,X
7.425e-05,X
7.45e-05,b11100010
7.475e-05,b11100010
7.5e-05,b11100010
7.525e-05,b11100010
7.55e-05,b11100010
7.575e-05,b11100010
7.6e-05,b11100010
7.625e-05,b11100010
7.65e-05,b11100010
7.675e-05,b11100010
7.7e-05,b11100010
7.725e-05,b11100010
7.75e-05,b11100010
7.775e-05,b11100010
7.8e-05,b11100010
7.825e-05,b11100010
7.85e-05,b11100010
7.875e-05,b11100010
7.9e-05,b11100010
7.925e-05,b11100010
7.95e-05,b11100010
7.975e-05,b11100010
8e-05,b11100010
8.025e-05,b11100010
8.05e-05,b11100010
8.075e-05,b11100010
8.1e-05,b11100010
8.125e-05,b11100010
8.15e-05,b11100010
8.175e-05,b11100010
8.2e-05,b11100010
8.225e-05,b11100010
8.25e-05,b11100010
8.275e-05,b11100010
8.3e-05,b11100010
8.325e-05,b11100010
8.35e-05,b11100010
8.375e-05,b11100010
8.4e-05,b11100010
8.425e-05,b11100010
8.45e-05,b11100010
8.475e-05,b11100010
8.5e-05,b11100010
8.525e-05,b11100010
8.55e-05,b11100010
8.575e-05,b11100010
8.6e-05,b11100010
8.625e-05,b11100010
8.65e-05,b11100010
8.675e-05,b11100010
8.7e-05,b11100010
8.725e-05,b11100010
8.75e-05,b11100010
8.775e-05,b11100010
8.8e-05,b11100010
8.825e-05,b11100010
8.85e-05,b11100010
8.875e-05,b11100010
8.9e-05,b11100010
8.925e-05,b11100010
8.95e-05,b11100010
8.975e-05,b11100010
9e-05,b11100010
9.025e-05,b11100010
9.05e-05,b11100010
9.075e-05,b11100010
9.1e-05,b11100010
9.125e-05,b11100010
9.15e-05,b11100010
9.175e-05,b11100010
9.2e-05,b11100010
9.225e-05,b11100010
9.25e-05,b11100010
9.275e-05,b11100010
9.3e-05,b11100010
9.325e-05,b11100010
9.35e-05,b11100010
9.375e-05,b11100010
9.4e-05,b11100010
9.425e-05,b11100010
9.45e-05,b11100010
9.475e-05,b11100010
9.5e-05,b11100010
9.525e-05,b11100010
9.55e-05,b11100010
9.575e-05,b11100010
9.6e-05,b11100010
9.625e-05,b11100010
9.65e-05,b11100010
9.675e-05,b11100010
9.7e-05,b11100010
9.725e-05,b11100010
9.75e-05,X
9.775e-05,X
9.8e-05,X
9.825e-05,b00010011
9.85e-05,b00010011
9.875e-05,b00010011
9.9e-05,b00010011
9.925e-05,b00010011
9.95e-05,b00010011
9.975e-05,b00010011
0.0001,b00010011
0.00010025,b00010011
0.0001005,b00010011
0.00010075,b00010011
0.000101,b00010011
0.00010125,b00010011
0.0001015,b00010011
0.00010175,b00010011
0.000102,b00010011
0.00010225,b00010011
0.0001025,b00010011
0.00010275,b00010011
0.000103,b00010011
0.00010325,b00010011
0.0001035,b00010011
0.00010375,b00010011
0.000104,b00010011
0.00010425,b00010011
0.0001045,b00010011
0.00010475,b00010011
0.000105,b00010011
0.00010525,b00010011
0.0001055,b00010011
0.00010575,b00010011
0.000106,b00010011
0.00010625,b00010011
0.0001065,b00010011
0.00010675,b00010011
0.000107,b00010011
0.00010725,b00010011
0.0001075,b00010011
0.00010775,b00010011
0.000108,b00010011
0.00010825,b00010011
0.0001085,b00010011
0.00010875,b00010011
0.000109,b00010011
0.00010925,b00010011
0.0001095,b00010011
0.00010975,b00010011
0.00011,b00010011
0.00011025,b00010011
0.0001105,b00010011
0.00011075,b00010011
0.000111,b00010011
0.00011125,b00010011
0.0001115,b00010011
0.00011175,b00010011
0.000112,b00010011
0.00011225,b00010011
0.0001125,b00010011
0.00011275,b00010011
0.000113,b00010011
0.00011325,b00010011
0.0001135,b00010011
0.00011375,b00010011
0.000114,b00010011
0.00011425,b00010011
0.0001145,b00010011
0.00011475,b00010011
0.000115,b00010011
0.00011525,b00010011
0.0001155,b00010011
0.00011575,b00010011
0.000116,b00010011
0.00011625,b00010011
0.0001165,b00010011
0.00011675,b00010011
0.000117,b00010011
0.00011725,b00010011
0.0001175,b00010011
0.00011775,b00010011
0.000118,b00010011
0.00011825,b00010011
0.0001185,b00010011
0.00011875,b00010011
0.000119,b00010011
0.00011925,b00010011
0.0001195,b00010011
0.00011975,b00010011
0.00012,b00010011
0.00012025,b00010011
0.0001205,b00010011
0.00012075,b00010011
0.000121,b00010011
0.00012125,X
0.0001215,X
0.00012175,X
0.000122,X
0.00012225,X
0.0001225,X
0.00012275,X
0.000123,X
0.00012325,X
0.0001235,X
0.00012375,X
0.000124,X
0.00012425,X
0.0001245,X
0.00012475,X
0.000125,X
0.00012525,X
0.0001255,X
0.00012575,X
0.000126,X
0.00012625,X
0.0001265,X
0.00012675,X
0.000127,X
0.00012725,X
0.0001275,X
0.00012775,X
0.000128,X
0.00012825,X
0.0001285,X
0.00012875,X
0.000129,X
0.00012925,X
0.0001295,X
0.00012975,X
0.00013,X
0.00013025,X
0.0001305,X
0.00013075,X
0.000131,X
0.00013125,X
0.0001315,X
0.00013175,X
0.000132,X
0.00013225,X
0.0001325,X
0.00013275,X
0.000133,X
0.00013325,X
0.0001335,X
0.00013375,X
0.000134,X
0.00013425,X
0.0001345,X
0.00013475,X
0.000135,X
0.00013525,X
0.0001355,X
0.00013575,X
0.000136,X
0.00013625,X
0.0001365,X
0.00013675,X
0.000137,X
0.00013725,X
0.0001375,X
0.00013775,X
0.000138,X
0.00013825,X
0.0001385,X
0.00013875,X
0.000139,X
0.00013925,X
0.0001395,X
0.00013975,X
0.00014,X
0.00014025,X
0.0001405,X
0.00014075,X
0.000141,X
0.00014125,X
0.0001415,X
0.00014175,X
0.000142,X
0.00014225,X
0.0001425,X
0.00014275,X
0.000143,X
0.00014325,X
0.0001435,X
0.00014375,X
0.000144,X
0.00014425,X
0.0001445,X
0.00014475,X
0.000145,X
0.00014525,X
0.0001455,X
0.00014575,X
0.000146,X
0.00014625,X
0.0001465,X
0.00014675,X
0.000147,X
0.00014725,X
0.0001475,X
0.00014775,X
0.000148,X
0.00014825,X
0.0001485,X
0.00014875,X
0.000149,X
0.00014925,X
0.0001495,X
0.00014975,X
0.00015,X
0.00015025,X
0.0001505,X
0.00015075,X
0.000151,X
0.00015125,X
0.0001515,X
0.00015175,X
0.000152,X
0.00015225,X
0.0001525,X
0.00015275,X
0.000153,X
0.00015325,X
0.0001535,X
0.00015375,X
0.000154,X
0.00015425,X
0.0001545,X
0.00015475,X
0.000155,X
0.00015525,X
0.0001555,X
0.00015575,X
0.000156,X
0.00015625,X
0.0001565,X
0.00015675,X
0.000157,X
0.00015725,X
0.0001575,X
0.00015775,X
0.000158,X
0.00015825,X
0.0001585,X
0.00015875,X
0.000159,X
0.00015925,X
0.0001595,X
0.00015975,X
0.00016,X
0.00016025,X
0.0001605,X
0.00016075,X
0.000161,X
0.00016125,X
0.0001615,X
0.00016175,X
0.000162,X
0.00016225,X
0.0001625,X
0.00016275,X
0.000163,X
0.00016325,X
0.0001635,X
0.00016375,X
0.000164,X
0.00016425,X
0.0001645,X
0.00016475,X
0.000165,X
0.00016525,X
0.0001655,X
0.00016575,X
0.000166,X
0.00016625,X
0.0001665,X
0.00016675,X
0.000167,X
0.00016725,X
0.0001675,X
0.00016775,X
0.000168,X
0.00016825,X
0.0001685,X
0.00016875,X
0.000169,X
0.00016925,X
0.0001695,X
0.00016975,X
0.00017,X
0.00017025,X
0.0001705,X
0.00017075,X
0.000171,X
0.00017125,X
0.0001715,X
0.00017175,X
0.000172,X
0.00017225,X
0.0001725,X
0.00017275,X
0.000173,X
0.00017325,X
0.0001735,X
0.00017375,X
0.000174,X
0.00017425,X
0.0001745,X
0.00017475,X
0.000175,X
0.00017525,X
0.0001755,X
0.00017575,X
0.000176,X
0.00017625,X
0.0001765,X
0.00017675,X
0.000177,X
0.00017725,X
0.0001775,X
0.00017775,X
0.000178,X
0.00017825,X
0.0001785,X
0.00017875,X
0.000179,X
0.00017925,X
0.0001795,X
0.00017975,X
0.00018,X
0.00018025,X
0.0001805,X
0.00018075,X
0.000181,X
0.00018125,X
0.0001815,X
0.00018175,X
0.000182,X
0.00018225,X
0.0001825,X
0.00018275,X
0.000183,X
0.00018325,X
0.0001835,X
0.00018375,X
0.000184,X
0.00018425,X
0.0001845,X
0.00018475,X
0.000185,X
0.00018525,X
0.0001855,X
0.00018575,X
0.000186,X
0.00018625,X
0.0001865,X
0.00018675,X
0.000187,X
0.00018725,X
0.0001875,X
0.00018775,X
0.000188,X
0.00018825,X
0.0001885,X
0.00018875,X
0.000189,X
0.00018925,X
0.0001895,X
0.00018975,X
0.00019,X
0.00019025,X
0.0001905,X
0.00019075,X
0.000191,X
0.00019125,X
0.0001915,X
0.00019175,X
0.000192,X
0.00019225,X
0.0001925,X
0.00019275,X
0.000193,X
0.00019325,X
0.0001935,X
0.00019375,X
0.000194,X
0.00019425,X
0.0001945,X
0.00019475,X
0.000195,X
0.00019525,X
0.0001955,X
0.00019575,X
0.000196,X
0.00019625,X
0.0001965,X
0.00019675,X
0.000197,X
0.00019725,X
0.0001975,X
0.00019775,X
0.000198,X
0.00019825,X
0.0001985,X
0.00019875,X
0.000199,X
0.00019925,X
0.0001995,X
0.00019975,X
0.0002,X
0.00020025,X
0.0002005,X
0.00020075,X
0.000201,X
0.00020125,X
0.0002015,X
0.00020175,X
0.000202,X
0.00020225,X
0.0002025,X
0.00020275,X
0.000203,X
0.00020325,X
0.0002035,X
0.00020375,X
0.000204,X
0.00020425,X
0.0002045,X
0.00020475,X
0.000205,X
0.00020525,X
0.0002055,X
0.00020575,X
0.000206,X
0.00020625,X
0.0002065,X
0.00020675,X
0.000207,X
0.00020725,X
0.0002075,X
0.00020775,X
0.000208,X
0.00020825,X
0.0002085,X
0.00020875,X
0.000209,X
0.00020925,X
0.0002095,X
0.00020975,X
0.00021,X
0.00021025,X
0.0002105,X
0.00021075,X
0.000211,X
0.00021125,X
0.0002115,X
0.00021175,X
0.000212,X
0.00021225,X
0.0002125,X
0.00021275,X
0.000213,X
0.00021325,X
0.0002135,X
0.00021375,X
0.000214,X
0.00021425,X
0.0002145,X
0.00021475,X
0.000215,X
0.00021525,X
0.0002155,X
0.00021575,X
0.000216,X
0.00021625,X
0.0002165,X
0.00021675,X
0.000217,X
0.00021725,X
0.0002175,X
0.00021775,X
0.000218,X
0.00021825,X
0.0002185,X
0.00021875,X
0.000219,X
0.00021925,X
0.0002195,X
0.00021975,X
0.00022,X
0.00022025,X
0.0002205,X
0.00022075,X
0.000221,X
0.00022125,X
0.0002215,X
0.00022175,X
0.000222,X
0.00022225,X
0.0002225,X
0.00022275,X
0.000223,X
0.00022325,X
0.0002235,X
0.00022375,X
0.000224,X
0.00022425,X
0.0002245,X
0.00022475,X
0.000225,X
0.00022525,X
0.0002255,X
0.00022575,X
0.000226,X
0.00022625,X
0.0002265,X
0.00022675,X
0.000227,X
0.00022725,X
0.0002275,X
0.00022775,X
0.000228,X
0.00022825,X
0.0002285,X
0.00022875,X
0.000229,X
0.00022925,X
0.0002295,X
0.00022975,X
0.00023,X
0.00023025,X
0.0002305,X
0.00023075,X
0.000231,X
0.00023125,X
0.0002315,X
0.00023175,X
0.000232,X
0.00023225,X
0.0002325,X
0.00023275,X
0.000233,X
0.00023325,X
0.0002335,X
0.00023375,X
0.000234,X
0.00023425,X
0.0002345,X
0.00023475,X
0.000235,X
0.00023525,X
0.0002355,X
0.00023575,X
0.000236,X
0.00023625,X
0.0002365,X
0.00023675,X
0.000237,X
0.00023725,X
0.0002375,X
0.00023775,X
0.000238,X
0.00023825,X
0.0002385,X
0.00023875,X
0.000239,X
0.00023925,X
0.0002395,X
0.00023975,X
0.00024,X
0.00024025,X
0.0002405,X
0.00024075,X
0.000241,X
0.00024125,X
0.0002415,X
0.00024175,X
0.000242,X
0.00024225,X
0.0002425,X
0.00024275,X
0.000243,X
0.00024325,X
0.0002435,X
0.00024375,X
0.000244,X
0.00024425,X
0.0002445,X
0.00024475,X
0.000245,X
0.00024525,X
0.0002455,X
0.00024575,X
0.000246,X
0.00024625,X
0.0002465,X
0.00024675,X
0.000247,X
0.00024725,X
0.0002475,X
0.00024775,X
0.000248,X
0.00024825,X
0.0002485,X
0.00024875,X
0.000249,X
0.00024925,X
0.0002495,X
0.00024975,X
0.00025,X
0.00025025,X
0.0002505,X
0.00025075,X
0.000251,X
0.00025125,X
0.0002515,X
0.00025175,X
0.000252,X
0.00025225,X
0.0002525,X
0.00025275,X
0.000253,X
0.00025325,X
0.0002535,X
0.00025375,X
0.000254,X
0.00025425,X
0.0002545,X
0.00025475,X
0.000255,X
0.00025525,X
0.0002555,X
0.00025575,X
0.000256,X
0.00025625,X
0.0002565,X
0.00025675,X
0.000257,X
0.00025725,X
0.0002575,X
0.00025775,X
0.000258,X
0.00025825,X
0.0002585,X
0.00025875,X
0.000259,X
0.00025925,X
0.0002595,X
0.00025975,X
0.00026,X
0.00026025,X
0.0002605,X
0.00026075,X
0.000261,X
0.00026125,X
0.0002615,X
0.00026175,X
0.000262,X
0.00026225,X
0.0002625,X
0.00026275,X
0.000263,X
0.00026325,X
0.0002635,X
0.00026375,X
0.000264,X
0.00026425,X
0.0002645,X
0.00026475,X
0.000265,X
0.00026525,X
0.0002655,X
0.00026575,X
0.000266,X
0.00026625,X
0.0002665,X
0.00026675,X
0.000267,X
0.00026725,X
0.0002675,X
0.00026775,X
0.000268,X
0.00026825,X
0.0002685,X
0.00026875,X
0.000269,X
0.00026925,X
0.0002695,X
0.00026975,X
0.00027,X
0.00027025,X
0.0002705,X
0.00027075,X
0.000271,X
0.00027125,X
0.0002715,X
0.00027175,X
0.000272,X
0.00027225,X
0.0002725,X
0.00027275,X
0.000273,X
0.00027325,X
0.0002735,X
0.00027375,X
0.000274,X
0.00027425,X
0.0002745,X
0.00027475,X
0.000275,X
0.00027525,X
0.0002755,X
0.00027575,X
0.000276,X
0.00027625,X
0.0002765,X
0.00027675,X
0.000277,X
0.00027725,X
0.0002775,X
0.00027775,X
0.000278,X
0.00027825,X
0.0002785,X
0.00027875,X
0.000279,X
0.00027925,X
0.0002795,X
0.00027975,X
0.00028,X
0.00028025,X
0.0002805,X
0.00028075,X
0.000281,X
0.00028125,X
0.0002815,X
0.00028175,X
0.000282,X
0.00028225,X
0.0002825,X
0.00028275,X
0.000283,X
0.00028325,X
0.0002835,X
0.00028375,X
0.000284,X
0.00028425,X
0.0002845,X
0.00028475,X
0.000285,X
0.00028525,X
0.0002855,X
0.00028575,X
0.000286,X
0.00028625,X
0.0002865,X
0.00028675,X
0.000287,X
0.00028725,X
0.0002875,X
0.00028775,X
0.000288,X
0.00028825,X
0.0002885,X
0.00028875,X
0.000289,X
0.00028925,X
0.0002895,X
0.00028975,X
0.00029,X
0.00029025,X
0.0002905,X
0.00029075,X
0.000291,X
0.00029125,X
0.0002915,X
0.00029175,X
0.000292,X
0.00029225,X
0.0002925,X
0.00029275,X
0.000293,X
0.00029325,X
0.0002935,X
0.00029375,X
0.000294,X
0.00029425,X
0.0002945,X
0.00029475,X
0.000295,X
0.00029525,X
0.0002955,X
0.00029575,X
0.000296,X
0.00029625,X
0.0002965,X
0.00029675,X
0.000297,X
0.00029725,X
0.0002975,X
0.00029775,X
0.000298,X
0.00029825,X
0.0002985,X
0.00029875,X
0.000299,X
0.00029925,X
0.0002995,X
0.00029975,X
0.0003,X
0.00030025,X
0.0003005,X
0.00030075,X
0.000301,X
0.00030125,X
0.0003015,X
0.00030175,X
0.000302,X
0.00030225,X
0.0003025,X
0.00030275,X
0.000303,X
0.00030325,X
0.0003035,X
0.00030375,X
0.000304,X
0.00030425,X
0.0003045,X
0.00030475,X
0.000305,X
0.00030525,X
0.0003055,X
0.00030575,X
0.000306,X
0.00030625,X
0.0003065,X
0.00030675,X
0.000307,X
0.00030725,X
0.0003075,X
0.00030775,X
0.000308,X
0.00030825,X
0.0003085,X
0.00030875,X
0.000309,X
0.00030925,X
0.0003095,X
0.00030975,X
0.00031,X
0.00031025,X
0.0003105,X
0.00031075,X
0.000311,X
0.00031125,X
0.0003115,X
0.00031175,X
0.000312,X
0.00031225,X
0.0003125,X
0.00031275,X
0.000313,X
0.00031325,X
0.0003135,X
0.00031375,X
0.000314,X
0.00031425,X
0.0003145,X
0.00031475,X
0.000315,X
0.00031525,X
0.0003155,X
0.00031575,X
0.000316,X
0.00031625,X
0.0003165,X
0.00031675,X
0.000317,X
0.00031725,X
0.0003175,X
0.00031775,X
0.000318,X
0.00031825,X
0.0003185,X
0.00031875,X
0.000319,X
0.00031925,X
0.0003195,X
0.00031975,X
0.00032,X
0.00032025,X
0.0003205,X
0.00032075,X
0.000321,X
0.00032125,X
0.0003215,X
0.00032175,X
0.000322,X
0.00032225,X
0.0003225,X
0.00032275,X
0.000323,X
0.00032325,X
0.0003235,X
0.00032375,X
0.000324,X
0.00032425,X
0.0003245,X
0.00032475,X
0.000325,X
0.00032525,X
0.0003255,X
0.00032575,X
0.000326,X
0.00032625,X
0.0003265,X
0.00032675,X
0.000327,X
0.00032725,X
0.0003275,X
0.00032775,X
0.000328,X
0.00032825,X
0.0003285,X
0.00032875,X
0.000329,X
0.00032925,X
0.0003295,X
0.00032975,X
0.00033,X
0.00033025,X
0.0003305,X
0.00033075,X
0.000331,X
0.00033125,X
0.0003315,X
0.00033175,X
0.000332,X
0.00033225,X
0.0003325,X
0.00033275,X
0.000333,X
0.00033325,X
0.0003335,X
0.00033375,X
0.000334,X
0.00033425,X
0.0003345,X
0.00033475,X
0.000335,X
0.00033525,X
0.0003355,X
0.00033575,X
0.000336,X
0.00033625,X
0.0003365,X
0.00033675,X
0.000337,X
0.00033725,X
0.0003375,X
0.00033775,X
0.000338,X
0.00033825,X
0.0003385,X
0.00033875,X
0.000339,X
0.00033925,X
0.0003395,X
0.00033975,X
0.00034,X
0.00034025,X
0.0003405,X
0.00034075,X
0.000341,X
0.00034125,X
0.0003415,X
0.00034175,X
0.000342,X
0.00034225,X
0.0003425,X
0.00034275,X
0.000343,X
0.00034325,X
0.0003435,X
0.00034375,X
0.000344,X
0.00034425,X
0.0003445,X
0.00034475,X
0.000345,X
0.00034525,X
0.0003455,X
0.00034575,X
0.000346,X
0.00034625,X
0.0003465,X
0.00034675,X
0.000347,X
0.00034725,X
0.0003475,X
0.00034775,X
0.000348,X
0.00034825,X
0.0003485,X
0.00034875,X
0.000349,X
0.00034925,X
0.0003495,X
0.00034975,X
0.00035,X
0.00035025,X
0.0003505,X
0.00035075,X
0.000351,X
0.00035125,X
0.0003515,X
0.00035175,X
0.000352,X
0.00035225,X
0.0003525,X
0.00035275,X
0.000353,X
0.00035325,X
0.0003535,X
0.00035375,X
0.000354,X
0.00035425,X
0.0003545,X
0.00035475,X
0.000355,X
0.00035525,X
0.0003555,X
0.00035575,X
0.000356,X
0.00035625,X
0.0003565,X
0.00035675,X
0.000357,X
0.00035725,X
0.0003575,X
0.00035775,X
0.000358,X
0.00035825,X
0.0003585,X
0.00035875,X
0.000359,X
0.00035925,X
0.0003595,X
0.00035975,X
0.00036,X
0.00036025,X
0.0003605,X
0.00036075,X
0.000361,X
0.00036125,X
0.0003615,X
0.00036175,X
0.000362,X
0.00036225,X
0.0003625,X
0.00036275,X
0.000363,X
0.00036325,X
0.0003635,X
0.00036375,X
0.000364,X
0.00036425,X
0.0003645,X
0.00036475,X
0.000365,X
0.00036525,X
0.0003655,X
0.00036575,X
0.000366,X
0.00036625,X
0.0003665,X
0.00036675,X
0.000367,X
0.00036725,X
0.0003675,X
0.00036775,X
0.000368,X
0.00036825,X
0.0003685,X
0.00036875,X
0.000369,X
0.00036925,X
0.0003695,X
0.00036975,X
0.00037,X
0.00037025,X
0.0003705,X
0.00037075,X
0.000371,X
0.00037125,X
0.0003715,X
0.00037175,X
0.000372,X
0.00037225,X
0.0003725,X
0.00037275,X
0.000373,X
0.00037325,X
0.0003735,X
0.00037375,X
0.000374,X
0.00037425,X
0.0003745,X
0.00037475,X
0.000375,X
0.00037525,X
0.0003755,X
0.00037575,X
0.000376,X
0.00037625,X
0.0003765,X
0.00037675,X
0.000377,X
0.00037725,X
0.0003775,X
0.00037775,X
0.000378,X
0.00037825,X
0.0003785,X
0.00037875,X
0.000379,X
0.00037925,X
0.0003795,X
0.00037975,X
0.00038,X
0.00038025,X
0.0003805,X
0.00038075,X
0.000381,X
0.00038125,X
0.0003815,X
0.00038175,X
0.000382,X
0.00038225,X
0.0003825,X
0.00038275,X
0.000383,X
0.00038325,X
0.0003835,X
0.00038375,X
0.000384,X
0.00038425,X
0.0003845,X
0.00038475,X
0.000385,X
0.00038525,X
0.0003855,X
0.00038575,X
0.000386,X
0.00038625,X
0.0003865,X
0.00038675,X
0.000387,X
0.00038725,X
0.0003875,X
0.00038775,X
0.000388,X
0.00038825,X
